input: 12345671111111
length: 0
path: 
replay: PASS
frame: 1439349795
pixels: 0 0 0 0 0 0 0 0 0 16777215 16777215 16777215 16777215 16777215 16777215 16777215 16777215 0 0 0 0 0 0 0 0 0 0 0 0 0 0 0 0 0 0 0 0 0 0 0 0 0 0 0 16777215 16777215 16777215 16777215 16777215 16777215 16777215 16777215 0 0 0 0 0 0 0 0 0 0 0 0 0 0 0 0 0 0 0 0 0 0 0 0 0 0 0 16777215 16777215 16777215 16777215 16777215 16777215 16777215 16777215 0 0 0 0 0 0 0 0 0 0 0 0 0 0 0 0 0 0 0 0 0 0 0 0 0 0 0 16777215 16777215 16777215 16777215 16777215 16777215 16777215 16777215 0 0 0 0 0 0 0 0 0 0 0 0 0 0 0 0 0 0 0 0 0 0 0 0 0 0 0 16777215 16777215 16777215 16777215 16777215 16777215 16777215 16777215 0 0 0 0 0 0 0 0 0 0 0 0 0 0 0 0 0 0 0 0 0 0 0 0 0 0 0 16777215 16777215 16777215 16777215 16777215 16777215 16777215 16777215 0 0 0 0 0 0 0 0 0 0 0 0 0 0 0 0 0 0 0 0 0 0 0 0 0 0 0 0 0 0 0 0 0 0 0 0 0 0 0 0 0 0 0 0 0 0 0 0 0 0 0 0 0 16744448 16744448 16744448 16744448 16744448 16744448 16744448 16744448 0 52224 52224 52224 52224 52224 52224 52224 52224 0 16711680 16711680 16711680 16711680 16711680 16711680 16711680 16711680 0 17663 17663 17663 17663 17663 17663 17663 17663 16744448 16744448 16744448 16744448 16744448 16744448 16744448 16744448 0 52224 52224 52224 52224 52224 52224 52224 52224 0 16711680 16711680 16711680 16711680 16711680 16711680 16711680 16711680 0 17663 17663 17663 17663 17663 17663 17663 17663 16744448 16744448 16744448 16744448 16744448 16744448 16744448 16744448 0 52224 52224 52224 52224 52224 52224 52224 52224 0 16711680 16711680 16711680 16711680 16711680 16711680 16711680 16711680 0 17663 17663 17663 17663 17663 17663 17663 17663 16744448 16744448 16744448 16744448 16744448 16744448 16744448 16744448 0 52224 52224 52224 52224 52224 52224 52224 52224 0 16711680 16711680 16711680 16711680 16711680 16711680 16711680 16711680 0 17663 17663 17663 17663 17663 17663 17663 17663 16744448 16744448 16744448 16744448 16744448 16744448 16744448 16744448 0 52224 52224 52224 52224 52224 52224 52224 52224 0 16711680 16711680 16711680 16711680 16711680 16711680 16711680 16711680 0 17663 17663 17663 17663 17663 17663 17663 17663 16744448 16744448 16744448 16744448 16744448 16744448 16744448 16744448 0 52224 52224 52224 52224 52224 52224 52224 52224 0 16711680 16711680 16711680 16711680 16711680 16711680 16711680 16711680 0 17663 17663 17663 17663 17663 17663 17663 17663 0 0 0 0 0 0 0 0 0 0 0 0 0 0 0 0 0 0 0 0 0 0 0 0 0 0 0 0 0 0 0 0 0 0 0 0 0 0 0 0 0 0 0 0 16776960 16776960 16776960 16776960 16776960 16776960 16776960 16776960 0 0 0 0 0 0 0 0 0 0 0 0 0 0 0 0 0 0 0 0 0 0 0 0 0 0 0 16776960 16776960 16776960 16776960 16776960 16776960 16776960 16776960 0 0 0 0 0 0 0 0 0 0 0 0 0 0 0 0 0 0 0 0 0 0 0 0 0 0 0 16776960 16776960 16776960 16776960 16776960 16776960 16776960 16776960 0 0 0 0 0 0 0 0 0 0 0 0 0 0 0 0 0 0 0 0 0 0 0 0 0 0 0 16776960 16776960 16776960 16776960 16776960 16776960 16776960 16776960 0 0 0 0 0 0 0 0 0 0 0 0 0 0 0 0 0 0 0 0 0 0 0 0 0 0 0 16776960 16776960 16776960 16776960 16776960 16776960 16776960 16776960 0 0 0 0 0 0 0 0 0 0 0 0 0 0 0 0 0 0 0 0 0 0 0 0 0 0 0 16776960 16776960 16776960 16776960 16776960 16776960 16776960 16776960 0 0 0 0 0 0 0 0 0 0 0 0 0 0 0 0 0 0 0 0 0 0 0 0 0 0 0 0 0 0 0 0 0 0 0 0 0 0 0 0 0 0 0 0 0 0 0 0 0 0 0 0 0 0 0 0 0 0 0 0 0 0 0 0 0 0 0 0 0 0 0 0 0 0 0 0 0 0 0 0 0 0 0 0 0 0 0 0 0 0 0 0 0 0 0 0 0 0 0 0 0 0 0 0 0 0 0 0 0 0 0 0 0 0 0 0 0 0 0 0 0 0 0 0 0 0 0 0 0 0 0 0 0 0 0 0 0 0 0 0 0 0 0 0 0 0 0 0 0 0 0 0 0 0 0 0 0 0 0 0 0 0 0 0 0 0 0 0 0 0 0 0 0 0 0 0 0 0 0 0 0 0 0 0 0 0 0 0 0 0 0 0 0

Program exited with code: 0
===== cycles
32093
===== instructions retired
32093
