input: 23745612123332
length: 3
path: D' B' R'
replay: PASS
frame: -174654065
pixels: 0 0 0 0 0 0 0 0 0 16711680 16711680 16711680 16711680 16711680 16711680 16711680 16711680 0 0 0 0 0 0 0 0 0 0 0 0 0 0 0 0 0 0 0 0 0 0 0 0 0 0 0 16711680 16711680 16711680 16711680 16711680 16711680 16711680 16711680 0 0 0 0 0 0 0 0 0 0 0 0 0 0 0 0 0 0 0 0 0 0 0 0 0 0 0 16711680 16711680 16711680 16711680 16711680 16711680 16711680 16711680 0 0 0 0 0 0 0 0 0 0 0 0 0 0 0 0 0 0 0 0 0 0 0 0 0 0 0 16777215 16777215 16777215 16777215 52224 52224 52224 52224 0 0 0 0 0 0 0 0 0 0 0 0 0 0 0 0 0 0 0 0 0 0 0 0 0 0 0 16777215 16777215 16777215 16777215 52224 52224 52224 52224 0 0 0 0 0 0 0 0 0 0 0 0 0 0 0 0 0 0 0 0 0 0 0 0 0 0 0 16777215 16777215 16777215 16777215 52224 52224 52224 52224 0 0 0 0 0 0 0 0 0 0 0 0 0 0 0 0 0 0 0 0 0 0 0 0 0 0 0 0 0 0 0 0 0 0 0 0 0 0 0 0 0 0 0 0 0 0 0 0 0 0 0 0 0 52224 52224 52224 52224 16744448 16744448 16744448 16744448 0 52224 52224 52224 52224 16776960 16776960 16776960 16776960 0 16711680 16711680 16711680 16711680 17663 17663 17663 17663 0 16777215 16777215 16777215 16777215 16777215 16777215 16777215 16777215 52224 52224 52224 52224 16744448 16744448 16744448 16744448 0 52224 52224 52224 52224 16776960 16776960 16776960 16776960 0 16711680 16711680 16711680 16711680 17663 17663 17663 17663 0 16777215 16777215 16777215 16777215 16777215 16777215 16777215 16777215 52224 52224 52224 52224 16744448 16744448 16744448 16744448 0 52224 52224 52224 52224 16776960 16776960 16776960 16776960 0 16711680 16711680 16711680 16711680 17663 17663 17663 17663 0 16777215 16777215 16777215 16777215 16777215 16777215 16777215 16777215 17663 17663 17663 17663 17663 17663 17663 17663 0 16777215 16777215 16777215 16777215 16744448 16744448 16744448 16744448 0 52224 52224 52224 52224 16776960 16776960 16776960 16776960 0 16711680 16711680 16711680 16711680 16776960 16776960 16776960 16776960 17663 17663 17663 17663 17663 17663 17663 17663 0 16777215 16777215 16777215 16777215 16744448 16744448 16744448 16744448 0 52224 52224 52224 52224 16776960 16776960 16776960 16776960 0 16711680 16711680 16711680 16711680 16776960 16776960 16776960 16776960 17663 17663 17663 17663 17663 17663 17663 17663 0 16777215 16777215 16777215 16777215 16744448 16744448 16744448 16744448 0 52224 52224 52224 52224 16776960 16776960 16776960 16776960 0 16711680 16711680 16711680 16711680 16776960 16776960 16776960 16776960 0 0 0 0 0 0 0 0 0 0 0 0 0 0 0 0 0 0 0 0 0 0 0 0 0 0 0 0 0 0 0 0 0 0 0 0 0 0 0 0 0 0 0 0 16744448 16744448 16744448 16744448 16776960 16776960 16776960 16776960 0 0 0 0 0 0 0 0 0 0 0 0 0 0 0 0 0 0 0 0 0 0 0 0 0 0 0 16744448 16744448 16744448 16744448 16776960 16776960 16776960 16776960 0 0 0 0 0 0 0 0 0 0 0 0 0 0 0 0 0 0 0 0 0 0 0 0 0 0 0 16744448 16744448 16744448 16744448 16776960 16776960 16776960 16776960 0 0 0 0 0 0 0 0 0 0 0 0 0 0 0 0 0 0 0 0 0 0 0 0 0 0 0 16744448 16744448 16744448 16744448 17663 17663 17663 17663 0 0 0 0 0 0 0 0 0 0 0 0 0 0 0 0 0 0 0 0 0 0 0 0 0 0 0 16744448 16744448 16744448 16744448 17663 17663 17663 17663 0 0 0 0 0 0 0 0 0 0 0 0 0 0 0 0 0 0 0 0 0 0 0 0 0 0 0 16744448 16744448 16744448 16744448 17663 17663 17663 17663 0 0 0 0 0 0 0 0 0 0 0 0 0 0 0 0 0 0 0 0 0 0 0 0 0 0 0 0 0 0 0 0 0 0 0 0 0 0 0 0 0 0 0 0 0 0 0 0 0 0 0 0 0 0 0 0 0 0 0 0 0 0 0 0 0 0 0 0 0 0 0 0 0 0 0 0 0 0 0 0 0 0 0 0 0 0 0 0 0 0 0 0 0 0 0 0 0 0 0 0 0 0 0 0 0 0 0 0 0 0 0 0 0 0 0 0 0 0 0 0 0 0 0 0 0 0 0 0 0 0 0 0 0 0 0 0 0 0 0 0 0 0 0 0 0 0 0 0 0 0 0 0 0 0 0 0 0 0 0 0 0 0 0 0 0 0 0 0 0 0 0 0 0 0 0 0 0 0 0 0 0 0 0 0 0 0 0 0 0 0 0 0 0
move: D'
frame: 469490868
pixels: 0 0 0 0 0 0 0 0 0 16711680 16711680 16711680 16711680 16711680 16711680 16711680 16711680 0 0 0 0 0 0 0 0 0 0 0 0 0 0 0 0 0 0 0 0 0 0 0 0 0 0 0 16711680 16711680 16711680 16711680 16711680 16711680 16711680 16711680 0 0 0 0 0 0 0 0 0 0 0 0 0 0 0 0 0 0 0 0 0 0 0 0 0 0 0 16711680 16711680 16711680 16711680 16711680 16711680 16711680 16711680 0 0 0 0 0 0 0 0 0 0 0 0 0 0 0 0 0 0 0 0 0 0 0 0 0 0 0 16777215 16777215 16777215 16777215 52224 52224 52224 52224 0 0 0 0 0 0 0 0 0 0 0 0 0 0 0 0 0 0 0 0 0 0 0 0 0 0 0 16777215 16777215 16777215 16777215 52224 52224 52224 52224 0 0 0 0 0 0 0 0 0 0 0 0 0 0 0 0 0 0 0 0 0 0 0 0 0 0 0 16777215 16777215 16777215 16777215 52224 52224 52224 52224 0 0 0 0 0 0 0 0 0 0 0 0 0 0 0 0 0 0 0 0 0 0 0 0 0 0 0 0 0 0 0 0 0 0 0 0 0 0 0 0 0 0 0 0 0 0 0 0 0 0 0 0 0 52224 52224 52224 52224 16744448 16744448 16744448 16744448 0 52224 52224 52224 52224 16776960 16776960 16776960 16776960 0 16711680 16711680 16711680 16711680 17663 17663 17663 17663 0 16777215 16777215 16777215 16777215 16777215 16777215 16777215 16777215 52224 52224 52224 52224 16744448 16744448 16744448 16744448 0 52224 52224 52224 52224 16776960 16776960 16776960 16776960 0 16711680 16711680 16711680 16711680 17663 17663 17663 17663 0 16777215 16777215 16777215 16777215 16777215 16777215 16777215 16777215 52224 52224 52224 52224 16744448 16744448 16744448 16744448 0 52224 52224 52224 52224 16776960 16776960 16776960 16776960 0 16711680 16711680 16711680 16711680 17663 17663 17663 17663 0 16777215 16777215 16777215 16777215 16777215 16777215 16777215 16777215 16777215 16777215 16777215 16777215 16744448 16744448 16744448 16744448 0 52224 52224 52224 52224 16776960 16776960 16776960 16776960 0 16711680 16711680 16711680 16711680 16776960 16776960 16776960 16776960 0 17663 17663 17663 17663 17663 17663 17663 17663 16777215 16777215 16777215 16777215 16744448 16744448 16744448 16744448 0 52224 52224 52224 52224 16776960 16776960 16776960 16776960 0 16711680 16711680 16711680 16711680 16776960 16776960 16776960 16776960 0 17663 17663 17663 17663 17663 17663 17663 17663 16777215 16777215 16777215 16777215 16744448 16744448 16744448 16744448 0 52224 52224 52224 52224 16776960 16776960 16776960 16776960 0 16711680 16711680 16711680 16711680 16776960 16776960 16776960 16776960 0 17663 17663 17663 17663 17663 17663 17663 17663 0 0 0 0 0 0 0 0 0 0 0 0 0 0 0 0 0 0 0 0 0 0 0 0 0 0 0 0 0 0 0 0 0 0 0 0 0 0 0 0 0 0 0 0 16776960 16776960 16776960 16776960 17663 17663 17663 17663 0 0 0 0 0 0 0 0 0 0 0 0 0 0 0 0 0 0 0 0 0 0 0 0 0 0 0 16776960 16776960 16776960 16776960 17663 17663 17663 17663 0 0 0 0 0 0 0 0 0 0 0 0 0 0 0 0 0 0 0 0 0 0 0 0 0 0 0 16776960 16776960 16776960 16776960 17663 17663 17663 17663 0 0 0 0 0 0 0 0 0 0 0 0 0 0 0 0 0 0 0 0 0 0 0 0 0 0 0 16744448 16744448 16744448 16744448 16744448 16744448 16744448 16744448 0 0 0 0 0 0 0 0 0 0 0 0 0 0 0 0 0 0 0 0 0 0 0 0 0 0 0 16744448 16744448 16744448 16744448 16744448 16744448 16744448 16744448 0 0 0 0 0 0 0 0 0 0 0 0 0 0 0 0 0 0 0 0 0 0 0 0 0 0 0 16744448 16744448 16744448 16744448 16744448 16744448 16744448 16744448 0 0 0 0 0 0 0 0 0 0 0 0 0 0 0 0 0 0 0 0 0 0 0 0 0 0 0 0 0 0 0 0 0 0 0 0 0 0 0 0 0 0 0 0 0 0 0 0 0 0 0 0 0 0 0 0 0 0 0 0 0 0 0 0 0 0 0 0 0 0 0 0 0 0 0 0 0 0 0 0 0 0 0 0 0 0 0 0 0 0 0 0 0 0 0 0 0 0 0 0 0 0 0 0 0 0 0 0 0 0 0 0 0 0 0 0 0 0 0 0 0 0 0 0 0 0 0 0 0 0 0 0 0 0 0 0 0 0 0 0 0 0 0 0 0 0 0 0 0 0 0 0 0 0 0 0 0 0 0 0 0 0 0 0 0 0 0 0 0 0 0 0 0 0 0 0 0 0 0 0 0 0 0 0 0 0 0 0 0 0 0 0 0
move: B'
frame: -1638491566
pixels: 0 0 0 0 0 0 0 0 0 16777215 16777215 16777215 16777215 52224 52224 52224 52224 0 0 0 0 0 0 0 0 0 0 0 0 0 0 0 0 0 0 0 0 0 0 0 0 0 0 0 16777215 16777215 16777215 16777215 52224 52224 52224 52224 0 0 0 0 0 0 0 0 0 0 0 0 0 0 0 0 0 0 0 0 0 0 0 0 0 0 0 16777215 16777215 16777215 16777215 52224 52224 52224 52224 0 0 0 0 0 0 0 0 0 0 0 0 0 0 0 0 0 0 0 0 0 0 0 0 0 0 0 16777215 16777215 16777215 16777215 52224 52224 52224 52224 0 0 0 0 0 0 0 0 0 0 0 0 0 0 0 0 0 0 0 0 0 0 0 0 0 0 0 16777215 16777215 16777215 16777215 52224 52224 52224 52224 0 0 0 0 0 0 0 0 0 0 0 0 0 0 0 0 0 0 0 0 0 0 0 0 0 0 0 16777215 16777215 16777215 16777215 52224 52224 52224 52224 0 0 0 0 0 0 0 0 0 0 0 0 0 0 0 0 0 0 0 0 0 0 0 0 0 0 0 0 0 0 0 0 0 0 0 0 0 0 0 0 0 0 0 0 0 0 0 0 0 0 0 0 0 16744448 16744448 16744448 16744448 16744448 16744448 16744448 16744448 0 52224 52224 52224 52224 16776960 16776960 16776960 16776960 0 16711680 16711680 16711680 16711680 16711680 16711680 16711680 16711680 0 16777215 16777215 16777215 16777215 17663 17663 17663 17663 16744448 16744448 16744448 16744448 16744448 16744448 16744448 16744448 0 52224 52224 52224 52224 16776960 16776960 16776960 16776960 0 16711680 16711680 16711680 16711680 16711680 16711680 16711680 16711680 0 16777215 16777215 16777215 16777215 17663 17663 17663 17663 16744448 16744448 16744448 16744448 16744448 16744448 16744448 16744448 0 52224 52224 52224 52224 16776960 16776960 16776960 16776960 0 16711680 16711680 16711680 16711680 16711680 16711680 16711680 16711680 0 16777215 16777215 16777215 16777215 17663 17663 17663 17663 16744448 16744448 16744448 16744448 16744448 16744448 16744448 16744448 0 52224 52224 52224 52224 16776960 16776960 16776960 16776960 0 16711680 16711680 16711680 16711680 16711680 16711680 16711680 16711680 0 16777215 16777215 16777215 16777215 17663 17663 17663 17663 16744448 16744448 16744448 16744448 16744448 16744448 16744448 16744448 0 52224 52224 52224 52224 16776960 16776960 16776960 16776960 0 16711680 16711680 16711680 16711680 16711680 16711680 16711680 16711680 0 16777215 16777215 16777215 16777215 17663 17663 17663 17663 16744448 16744448 16744448 16744448 16744448 16744448 16744448 16744448 0 52224 52224 52224 52224 16776960 16776960 16776960 16776960 0 16711680 16711680 16711680 16711680 16711680 16711680 16711680 16711680 0 16777215 16777215 16777215 16777215 17663 17663 17663 17663 0 0 0 0 0 0 0 0 0 0 0 0 0 0 0 0 0 0 0 0 0 0 0 0 0 0 0 0 0 0 0 0 0 0 0 0 0 0 0 0 0 0 0 0 16776960 16776960 16776960 16776960 17663 17663 17663 17663 0 0 0 0 0 0 0 0 0 0 0 0 0 0 0 0 0 0 0 0 0 0 0 0 0 0 0 16776960 16776960 16776960 16776960 17663 17663 17663 17663 0 0 0 0 0 0 0 0 0 0 0 0 0 0 0 0 0 0 0 0 0 0 0 0 0 0 0 16776960 16776960 16776960 16776960 17663 17663 17663 17663 0 0 0 0 0 0 0 0 0 0 0 0 0 0 0 0 0 0 0 0 0 0 0 0 0 0 0 16776960 16776960 16776960 16776960 17663 17663 17663 17663 0 0 0 0 0 0 0 0 0 0 0 0 0 0 0 0 0 0 0 0 0 0 0 0 0 0 0 16776960 16776960 16776960 16776960 17663 17663 17663 17663 0 0 0 0 0 0 0 0 0 0 0 0 0 0 0 0 0 0 0 0 0 0 0 0 0 0 0 16776960 16776960 16776960 16776960 17663 17663 17663 17663 0 0 0 0 0 0 0 0 0 0 0 0 0 0 0 0 0 0 0 0 0 0 0 0 0 0 0 0 0 0 0 0 0 0 0 0 0 0 0 0 0 0 0 0 0 0 0 0 0 0 0 0 0 0 0 0 0 0 0 0 0 0 0 0 0 0 0 0 0 0 0 0 0 0 0 0 0 0 0 0 0 0 0 0 0 0 0 0 0 0 0 0 0 0 0 0 0 0 0 0 0 0 0 0 0 0 0 0 0 0 0 0 0 0 0 0 0 0 0 0 0 0 0 0 0 0 0 0 0 0 0 0 0 0 0 0 0 0 0 0 0 0 0 0 0 0 0 0 0 0 0 0 0 0 0 0 0 0 0 0 0 0 0 0 0 0 0 0 0 0 0 0 0 0 0 0 0 0 0 0 0 0 0 0 0 0 0 0 0 0 0 0 0
move: R'
frame: 1439349795
pixels: 0 0 0 0 0 0 0 0 0 16777215 16777215 16777215 16777215 16777215 16777215 16777215 16777215 0 0 0 0 0 0 0 0 0 0 0 0 0 0 0 0 0 0 0 0 0 0 0 0 0 0 0 16777215 16777215 16777215 16777215 16777215 16777215 16777215 16777215 0 0 0 0 0 0 0 0 0 0 0 0 0 0 0 0 0 0 0 0 0 0 0 0 0 0 0 16777215 16777215 16777215 16777215 16777215 16777215 16777215 16777215 0 0 0 0 0 0 0 0 0 0 0 0 0 0 0 0 0 0 0 0 0 0 0 0 0 0 0 16777215 16777215 16777215 16777215 16777215 16777215 16777215 16777215 0 0 0 0 0 0 0 0 0 0 0 0 0 0 0 0 0 0 0 0 0 0 0 0 0 0 0 16777215 16777215 16777215 16777215 16777215 16777215 16777215 16777215 0 0 0 0 0 0 0 0 0 0 0 0 0 0 0 0 0 0 0 0 0 0 0 0 0 0 0 16777215 16777215 16777215 16777215 16777215 16777215 16777215 16777215 0 0 0 0 0 0 0 0 0 0 0 0 0 0 0 0 0 0 0 0 0 0 0 0 0 0 0 0 0 0 0 0 0 0 0 0 0 0 0 0 0 0 0 0 0 0 0 0 0 0 0 0 0 16744448 16744448 16744448 16744448 16744448 16744448 16744448 16744448 0 52224 52224 52224 52224 52224 52224 52224 52224 0 16711680 16711680 16711680 16711680 16711680 16711680 16711680 16711680 0 17663 17663 17663 17663 17663 17663 17663 17663 16744448 16744448 16744448 16744448 16744448 16744448 16744448 16744448 0 52224 52224 52224 52224 52224 52224 52224 52224 0 16711680 16711680 16711680 16711680 16711680 16711680 16711680 16711680 0 17663 17663 17663 17663 17663 17663 17663 17663 16744448 16744448 16744448 16744448 16744448 16744448 16744448 16744448 0 52224 52224 52224 52224 52224 52224 52224 52224 0 16711680 16711680 16711680 16711680 16711680 16711680 16711680 16711680 0 17663 17663 17663 17663 17663 17663 17663 17663 16744448 16744448 16744448 16744448 16744448 16744448 16744448 16744448 0 52224 52224 52224 52224 52224 52224 52224 52224 0 16711680 16711680 16711680 16711680 16711680 16711680 16711680 16711680 0 17663 17663 17663 17663 17663 17663 17663 17663 16744448 16744448 16744448 16744448 16744448 16744448 16744448 16744448 0 52224 52224 52224 52224 52224 52224 52224 52224 0 16711680 16711680 16711680 16711680 16711680 16711680 16711680 16711680 0 17663 17663 17663 17663 17663 17663 17663 17663 16744448 16744448 16744448 16744448 16744448 16744448 16744448 16744448 0 52224 52224 52224 52224 52224 52224 52224 52224 0 16711680 16711680 16711680 16711680 16711680 16711680 16711680 16711680 0 17663 17663 17663 17663 17663 17663 17663 17663 0 0 0 0 0 0 0 0 0 0 0 0 0 0 0 0 0 0 0 0 0 0 0 0 0 0 0 0 0 0 0 0 0 0 0 0 0 0 0 0 0 0 0 0 16776960 16776960 16776960 16776960 16776960 16776960 16776960 16776960 0 0 0 0 0 0 0 0 0 0 0 0 0 0 0 0 0 0 0 0 0 0 0 0 0 0 0 16776960 16776960 16776960 16776960 16776960 16776960 16776960 16776960 0 0 0 0 0 0 0 0 0 0 0 0 0 0 0 0 0 0 0 0 0 0 0 0 0 0 0 16776960 16776960 16776960 16776960 16776960 16776960 16776960 16776960 0 0 0 0 0 0 0 0 0 0 0 0 0 0 0 0 0 0 0 0 0 0 0 0 0 0 0 16776960 16776960 16776960 16776960 16776960 16776960 16776960 16776960 0 0 0 0 0 0 0 0 0 0 0 0 0 0 0 0 0 0 0 0 0 0 0 0 0 0 0 16776960 16776960 16776960 16776960 16776960 16776960 16776960 16776960 0 0 0 0 0 0 0 0 0 0 0 0 0 0 0 0 0 0 0 0 0 0 0 0 0 0 0 16776960 16776960 16776960 16776960 16776960 16776960 16776960 16776960 0 0 0 0 0 0 0 0 0 0 0 0 0 0 0 0 0 0 0 0 0 0 0 0 0 0 0 0 0 0 0 0 0 0 0 0 0 0 0 0 0 0 0 0 0 0 0 0 0 0 0 0 0 0 0 0 0 0 0 0 0 0 0 0 0 0 0 0 0 0 0 0 0 0 0 0 0 0 0 0 0 0 0 0 0 0 0 0 0 0 0 0 0 0 0 0 0 0 0 0 0 0 0 0 0 0 0 0 0 0 0 0 0 0 0 0 0 0 0 0 0 0 0 0 0 0 0 0 0 0 0 0 0 0 0 0 0 0 0 0 0 0 0 0 0 0 0 0 0 0 0 0 0 0 0 0 0 0 0 0 0 0 0 0 0 0 0 0 0 0 0 0 0 0 0 0 0 0 0 0 0 0 0 0 0 0 0 0 0 0 0 0 0

Program exited with code: 0
===== instructions retired
139086
