input: 21345671111111
length: 11
path: R B' D2 R' B R' B' R D2 R B
replay: PASS
frame: -165090764
pixels: 0 0 0 0 0 0 0 0 0 16777215 16777215 16777215 16777215 16777215 16777215 16777215 16777215 0 0 0 0 0 0 0 0 0 0 0 0 0 0 0 0 0 0 0 0 0 0 0 0 0 0 0 16777215 16777215 16777215 16777215 16777215 16777215 16777215 16777215 0 0 0 0 0 0 0 0 0 0 0 0 0 0 0 0 0 0 0 0 0 0 0 0 0 0 0 16777215 16777215 16777215 16777215 16777215 16777215 16777215 16777215 0 0 0 0 0 0 0 0 0 0 0 0 0 0 0 0 0 0 0 0 0 0 0 0 0 0 0 16777215 16777215 16777215 16777215 16776960 16776960 16776960 16776960 0 0 0 0 0 0 0 0 0 0 0 0 0 0 0 0 0 0 0 0 0 0 0 0 0 0 0 16777215 16777215 16777215 16777215 16776960 16776960 16776960 16776960 0 0 0 0 0 0 0 0 0 0 0 0 0 0 0 0 0 0 0 0 0 0 0 0 0 0 0 16777215 16777215 16777215 16777215 16776960 16776960 16776960 16776960 0 0 0 0 0 0 0 0 0 0 0 0 0 0 0 0 0 0 0 0 0 0 0 0 0 0 0 0 0 0 0 0 0 0 0 0 0 0 0 0 0 0 0 0 0 0 0 0 0 0 0 0 0 16744448 16744448 16744448 16744448 16744448 16744448 16744448 16744448 0 52224 52224 52224 52224 16711680 16711680 16711680 16711680 0 52224 52224 52224 52224 16711680 16711680 16711680 16711680 0 17663 17663 17663 17663 17663 17663 17663 17663 16744448 16744448 16744448 16744448 16744448 16744448 16744448 16744448 0 52224 52224 52224 52224 16711680 16711680 16711680 16711680 0 52224 52224 52224 52224 16711680 16711680 16711680 16711680 0 17663 17663 17663 17663 17663 17663 17663 17663 16744448 16744448 16744448 16744448 16744448 16744448 16744448 16744448 0 52224 52224 52224 52224 16711680 16711680 16711680 16711680 0 52224 52224 52224 52224 16711680 16711680 16711680 16711680 0 17663 17663 17663 17663 17663 17663 17663 17663 16744448 16744448 16744448 16744448 16744448 16744448 16744448 16744448 0 52224 52224 52224 52224 16711680 16711680 16711680 16711680 0 52224 52224 52224 52224 16711680 16711680 16711680 16711680 0 17663 17663 17663 17663 17663 17663 17663 17663 16744448 16744448 16744448 16744448 16744448 16744448 16744448 16744448 0 52224 52224 52224 52224 16711680 16711680 16711680 16711680 0 52224 52224 52224 52224 16711680 16711680 16711680 16711680 0 17663 17663 17663 17663 17663 17663 17663 17663 16744448 16744448 16744448 16744448 16744448 16744448 16744448 16744448 0 52224 52224 52224 52224 16711680 16711680 16711680 16711680 0 52224 52224 52224 52224 16711680 16711680 16711680 16711680 0 17663 17663 17663 17663 17663 17663 17663 17663 0 0 0 0 0 0 0 0 0 0 0 0 0 0 0 0 0 0 0 0 0 0 0 0 0 0 0 0 0 0 0 0 0 0 0 0 0 0 0 0 0 0 0 0 16776960 16776960 16776960 16776960 16777215 16777215 16777215 16777215 0 0 0 0 0 0 0 0 0 0 0 0 0 0 0 0 0 0 0 0 0 0 0 0 0 0 0 16776960 16776960 16776960 16776960 16777215 16777215 16777215 16777215 0 0 0 0 0 0 0 0 0 0 0 0 0 0 0 0 0 0 0 0 0 0 0 0 0 0 0 16776960 16776960 16776960 16776960 16777215 16777215 16777215 16777215 0 0 0 0 0 0 0 0 0 0 0 0 0 0 0 0 0 0 0 0 0 0 0 0 0 0 0 16776960 16776960 16776960 16776960 16776960 16776960 16776960 16776960 0 0 0 0 0 0 0 0 0 0 0 0 0 0 0 0 0 0 0 0 0 0 0 0 0 0 0 16776960 16776960 16776960 16776960 16776960 16776960 16776960 16776960 0 0 0 0 0 0 0 0 0 0 0 0 0 0 0 0 0 0 0 0 0 0 0 0 0 0 0 16776960 16776960 16776960 16776960 16776960 16776960 16776960 16776960 0 0 0 0 0 0 0 0 0 0 0 0 0 0 0 0 0 0 0 0 0 0 0 0 0 0 0 0 0 0 0 0 0 0 0 0 0 0 0 0 0 0 0 0 0 0 0 0 0 0 0 0 0 0 0 0 0 0 0 0 0 0 0 0 0 0 0 0 0 0 0 0 0 0 0 0 0 0 0 0 0 0 0 0 0 0 0 0 0 0 0 0 0 0 0 0 0 0 0 0 0 0 0 0 0 0 0 0 0 0 0 0 0 0 0 0 0 0 0 0 0 0 0 0 0 0 0 0 0 0 0 0 0 0 0 0 0 0 0 0 0 0 0 0 0 0 0 0 0 0 0 0 0 0 0 0 0 0 0 0 0 0 0 0 0 0 0 0 0 0 0 0 0 0 0 0 0 0 0 0 0 0 0 0 0 0 0 0 0 0 0 0 0
move: R
frame: 4439295
pixels: 0 0 0 0 0 0 0 0 0 16777215 16777215 16777215 16777215 16711680 16711680 16711680 16711680 0 0 0 0 0 0 0 0 0 0 0 0 0 0 0 0 0 0 0 0 0 0 0 0 0 0 0 16777215 16777215 16777215 16777215 16711680 16711680 16711680 16711680 0 0 0 0 0 0 0 0 0 0 0 0 0 0 0 0 0 0 0 0 0 0 0 0 0 0 0 16777215 16777215 16777215 16777215 16711680 16711680 16711680 16711680 0 0 0 0 0 0 0 0 0 0 0 0 0 0 0 0 0 0 0 0 0 0 0 0 0 0 0 16777215 16777215 16777215 16777215 16711680 16711680 16711680 16711680 0 0 0 0 0 0 0 0 0 0 0 0 0 0 0 0 0 0 0 0 0 0 0 0 0 0 0 16777215 16777215 16777215 16777215 16711680 16711680 16711680 16711680 0 0 0 0 0 0 0 0 0 0 0 0 0 0 0 0 0 0 0 0 0 0 0 0 0 0 0 16777215 16777215 16777215 16777215 16711680 16711680 16711680 16711680 0 0 0 0 0 0 0 0 0 0 0 0 0 0 0 0 0 0 0 0 0 0 0 0 0 0 0 0 0 0 0 0 0 0 0 0 0 0 0 0 0 0 0 0 0 0 0 0 0 0 0 0 0 16744448 16744448 16744448 16744448 16744448 16744448 16744448 16744448 0 52224 52224 52224 52224 16777215 16777215 16777215 16777215 0 52224 52224 52224 52224 52224 52224 52224 52224 0 16776960 16776960 16776960 16776960 17663 17663 17663 17663 16744448 16744448 16744448 16744448 16744448 16744448 16744448 16744448 0 52224 52224 52224 52224 16777215 16777215 16777215 16777215 0 52224 52224 52224 52224 52224 52224 52224 52224 0 16776960 16776960 16776960 16776960 17663 17663 17663 17663 16744448 16744448 16744448 16744448 16744448 16744448 16744448 16744448 0 52224 52224 52224 52224 16777215 16777215 16777215 16777215 0 52224 52224 52224 52224 52224 52224 52224 52224 0 16776960 16776960 16776960 16776960 17663 17663 17663 17663 16744448 16744448 16744448 16744448 16744448 16744448 16744448 16744448 0 52224 52224 52224 52224 16776960 16776960 16776960 16776960 0 16711680 16711680 16711680 16711680 16711680 16711680 16711680 16711680 0 16777215 16777215 16777215 16777215 17663 17663 17663 17663 16744448 16744448 16744448 16744448 16744448 16744448 16744448 16744448 0 52224 52224 52224 52224 16776960 16776960 16776960 16776960 0 16711680 16711680 16711680 16711680 16711680 16711680 16711680 16711680 0 16777215 16777215 16777215 16777215 17663 17663 17663 17663 16744448 16744448 16744448 16744448 16744448 16744448 16744448 16744448 0 52224 52224 52224 52224 16776960 16776960 16776960 16776960 0 16711680 16711680 16711680 16711680 16711680 16711680 16711680 16711680 0 16777215 16777215 16777215 16777215 17663 17663 17663 17663 0 0 0 0 0 0 0 0 0 0 0 0 0 0 0 0 0 0 0 0 0 0 0 0 0 0 0 0 0 0 0 0 0 0 0 0 0 0 0 0 0 0 0 0 16776960 16776960 16776960 16776960 17663 17663 17663 17663 0 0 0 0 0 0 0 0 0 0 0 0 0 0 0 0 0 0 0 0 0 0 0 0 0 0 0 16776960 16776960 16776960 16776960 17663 17663 17663 17663 0 0 0 0 0 0 0 0 0 0 0 0 0 0 0 0 0 0 0 0 0 0 0 0 0 0 0 16776960 16776960 16776960 16776960 17663 17663 17663 17663 0 0 0 0 0 0 0 0 0 0 0 0 0 0 0 0 0 0 0 0 0 0 0 0 0 0 0 16776960 16776960 16776960 16776960 17663 17663 17663 17663 0 0 0 0 0 0 0 0 0 0 0 0 0 0 0 0 0 0 0 0 0 0 0 0 0 0 0 16776960 16776960 16776960 16776960 17663 17663 17663 17663 0 0 0 0 0 0 0 0 0 0 0 0 0 0 0 0 0 0 0 0 0 0 0 0 0 0 0 16776960 16776960 16776960 16776960 17663 17663 17663 17663 0 0 0 0 0 0 0 0 0 0 0 0 0 0 0 0 0 0 0 0 0 0 0 0 0 0 0 0 0 0 0 0 0 0 0 0 0 0 0 0 0 0 0 0 0 0 0 0 0 0 0 0 0 0 0 0 0 0 0 0 0 0 0 0 0 0 0 0 0 0 0 0 0 0 0 0 0 0 0 0 0 0 0 0 0 0 0 0 0 0 0 0 0 0 0 0 0 0 0 0 0 0 0 0 0 0 0 0 0 0 0 0 0 0 0 0 0 0 0 0 0 0 0 0 0 0 0 0 0 0 0 0 0 0 0 0 0 0 0 0 0 0 0 0 0 0 0 0 0 0 0 0 0 0 0 0 0 0 0 0 0 0 0 0 0 0 0 0 0 0 0 0 0 0 0 0 0 0 0 0 0 0 0 0 0 0 0 0 0 0 0 0 0
move: B'
frame: 1553627447
pixels: 0 0 0 0 0 0 0 0 0 16744448 16744448 16744448 16744448 16744448 16744448 16744448 16744448 0 0 0 0 0 0 0 0 0 0 0 0 0 0 0 0 0 0 0 0 0 0 0 0 0 0 0 16744448 16744448 16744448 16744448 16744448 16744448 16744448 16744448 0 0 0 0 0 0 0 0 0 0 0 0 0 0 0 0 0 0 0 0 0 0 0 0 0 0 0 16744448 16744448 16744448 16744448 16744448 16744448 16744448 16744448 0 0 0 0 0 0 0 0 0 0 0 0 0 0 0 0 0 0 0 0 0 0 0 0 0 0 0 16777215 16777215 16777215 16777215 16711680 16711680 16711680 16711680 0 0 0 0 0 0 0 0 0 0 0 0 0 0 0 0 0 0 0 0 0 0 0 0 0 0 0 16777215 16777215 16777215 16777215 16711680 16711680 16711680 16711680 0 0 0 0 0 0 0 0 0 0 0 0 0 0 0 0 0 0 0 0 0 0 0 0 0 0 0 16777215 16777215 16777215 16777215 16711680 16711680 16711680 16711680 0 0 0 0 0 0 0 0 0 0 0 0 0 0 0 0 0 0 0 0 0 0 0 0 0 0 0 0 0 0 0 0 0 0 0 0 0 0 0 0 0 0 0 0 0 0 0 0 0 0 0 0 0 16776960 16776960 16776960 16776960 16744448 16744448 16744448 16744448 0 52224 52224 52224 52224 16777215 16777215 16777215 16777215 0 52224 52224 52224 52224 16777215 16777215 16777215 16777215 0 17663 17663 17663 17663 17663 17663 17663 17663 16776960 16776960 16776960 16776960 16744448 16744448 16744448 16744448 0 52224 52224 52224 52224 16777215 16777215 16777215 16777215 0 52224 52224 52224 52224 16777215 16777215 16777215 16777215 0 17663 17663 17663 17663 17663 17663 17663 17663 16776960 16776960 16776960 16776960 16744448 16744448 16744448 16744448 0 52224 52224 52224 52224 16777215 16777215 16777215 16777215 0 52224 52224 52224 52224 16777215 16777215 16777215 16777215 0 17663 17663 17663 17663 17663 17663 17663 17663 17663 17663 17663 17663 16744448 16744448 16744448 16744448 0 52224 52224 52224 52224 16776960 16776960 16776960 16776960 0 16711680 16711680 16711680 16711680 16711680 16711680 16711680 16711680 0 16776960 16776960 16776960 16776960 16777215 16777215 16777215 16777215 17663 17663 17663 17663 16744448 16744448 16744448 16744448 0 52224 52224 52224 52224 16776960 16776960 16776960 16776960 0 16711680 16711680 16711680 16711680 16711680 16711680 16711680 16711680 0 16776960 16776960 16776960 16776960 16777215 16777215 16777215 16777215 17663 17663 17663 17663 16744448 16744448 16744448 16744448 0 52224 52224 52224 52224 16776960 16776960 16776960 16776960 0 16711680 16711680 16711680 16711680 16711680 16711680 16711680 16711680 0 16776960 16776960 16776960 16776960 16777215 16777215 16777215 16777215 0 0 0 0 0 0 0 0 0 0 0 0 0 0 0 0 0 0 0 0 0 0 0 0 0 0 0 0 0 0 0 0 0 0 0 0 0 0 0 0 0 0 0 0 16776960 16776960 16776960 16776960 17663 17663 17663 17663 0 0 0 0 0 0 0 0 0 0 0 0 0 0 0 0 0 0 0 0 0 0 0 0 0 0 0 16776960 16776960 16776960 16776960 17663 17663 17663 17663 0 0 0 0 0 0 0 0 0 0 0 0 0 0 0 0 0 0 0 0 0 0 0 0 0 0 0 16776960 16776960 16776960 16776960 17663 17663 17663 17663 0 0 0 0 0 0 0 0 0 0 0 0 0 0 0 0 0 0 0 0 0 0 0 0 0 0 0 16711680 16711680 16711680 16711680 52224 52224 52224 52224 0 0 0 0 0 0 0 0 0 0 0 0 0 0 0 0 0 0 0 0 0 0 0 0 0 0 0 16711680 16711680 16711680 16711680 52224 52224 52224 52224 0 0 0 0 0 0 0 0 0 0 0 0 0 0 0 0 0 0 0 0 0 0 0 0 0 0 0 16711680 16711680 16711680 16711680 52224 52224 52224 52224 0 0 0 0 0 0 0 0 0 0 0 0 0 0 0 0 0 0 0 0 0 0 0 0 0 0 0 0 0 0 0 0 0 0 0 0 0 0 0 0 0 0 0 0 0 0 0 0 0 0 0 0 0 0 0 0 0 0 0 0 0 0 0 0 0 0 0 0 0 0 0 0 0 0 0 0 0 0 0 0 0 0 0 0 0 0 0 0 0 0 0 0 0 0 0 0 0 0 0 0 0 0 0 0 0 0 0 0 0 0 0 0 0 0 0 0 0 0 0 0 0 0 0 0 0 0 0 0 0 0 0 0 0 0 0 0 0 0 0 0 0 0 0 0 0 0 0 0 0 0 0 0 0 0 0 0 0 0 0 0 0 0 0 0 0 0 0 0 0 0 0 0 0 0 0 0 0 0 0 0 0 0 0 0 0 0 0 0 0 0 0 0 0
move: D2
frame: 321851586
pixels: 0 0 0 0 0 0 0 0 0 16744448 16744448 16744448 16744448 16744448 16744448 16744448 16744448 0 0 0 0 0 0 0 0 0 0 0 0 0 0 0 0 0 0 0 0 0 0 0 0 0 0 0 16744448 16744448 16744448 16744448 16744448 16744448 16744448 16744448 0 0 0 0 0 0 0 0 0 0 0 0 0 0 0 0 0 0 0 0 0 0 0 0 0 0 0 16744448 16744448 16744448 16744448 16744448 16744448 16744448 16744448 0 0 0 0 0 0 0 0 0 0 0 0 0 0 0 0 0 0 0 0 0 0 0 0 0 0 0 16777215 16777215 16777215 16777215 16711680 16711680 16711680 16711680 0 0 0 0 0 0 0 0 0 0 0 0 0 0 0 0 0 0 0 0 0 0 0 0 0 0 0 16777215 16777215 16777215 16777215 16711680 16711680 16711680 16711680 0 0 0 0 0 0 0 0 0 0 0 0 0 0 0 0 0 0 0 0 0 0 0 0 0 0 0 16777215 16777215 16777215 16777215 16711680 16711680 16711680 16711680 0 0 0 0 0 0 0 0 0 0 0 0 0 0 0 0 0 0 0 0 0 0 0 0 0 0 0 0 0 0 0 0 0 0 0 0 0 0 0 0 0 0 0 0 0 0 0 0 0 0 0 0 0 16776960 16776960 16776960 16776960 16744448 16744448 16744448 16744448 0 52224 52224 52224 52224 16777215 16777215 16777215 16777215 0 52224 52224 52224 52224 16777215 16777215 16777215 16777215 0 17663 17663 17663 17663 17663 17663 17663 17663 16776960 16776960 16776960 16776960 16744448 16744448 16744448 16744448 0 52224 52224 52224 52224 16777215 16777215 16777215 16777215 0 52224 52224 52224 52224 16777215 16777215 16777215 16777215 0 17663 17663 17663 17663 17663 17663 17663 17663 16776960 16776960 16776960 16776960 16744448 16744448 16744448 16744448 0 52224 52224 52224 52224 16777215 16777215 16777215 16777215 0 52224 52224 52224 52224 16777215 16777215 16777215 16777215 0 17663 17663 17663 17663 17663 17663 17663 17663 16711680 16711680 16711680 16711680 16711680 16711680 16711680 16711680 0 16776960 16776960 16776960 16776960 16777215 16777215 16777215 16777215 0 17663 17663 17663 17663 16744448 16744448 16744448 16744448 0 52224 52224 52224 52224 16776960 16776960 16776960 16776960 16711680 16711680 16711680 16711680 16711680 16711680 16711680 16711680 0 16776960 16776960 16776960 16776960 16777215 16777215 16777215 16777215 0 17663 17663 17663 17663 16744448 16744448 16744448 16744448 0 52224 52224 52224 52224 16776960 16776960 16776960 16776960 16711680 16711680 16711680 16711680 16711680 16711680 16711680 16711680 0 16776960 16776960 16776960 16776960 16777215 16777215 16777215 16777215 0 17663 17663 17663 17663 16744448 16744448 16744448 16744448 0 52224 52224 52224 52224 16776960 16776960 16776960 16776960 0 0 0 0 0 0 0 0 0 0 0 0 0 0 0 0 0 0 0 0 0 0 0 0 0 0 0 0 0 0 0 0 0 0 0 0 0 0 0 0 0 0 0 0 52224 52224 52224 52224 16711680 16711680 16711680 16711680 0 0 0 0 0 0 0 0 0 0 0 0 0 0 0 0 0 0 0 0 0 0 0 0 0 0 0 52224 52224 52224 52224 16711680 16711680 16711680 16711680 0 0 0 0 0 0 0 0 0 0 0 0 0 0 0 0 0 0 0 0 0 0 0 0 0 0 0 52224 52224 52224 52224 16711680 16711680 16711680 16711680 0 0 0 0 0 0 0 0 0 0 0 0 0 0 0 0 0 0 0 0 0 0 0 0 0 0 0 17663 17663 17663 17663 16776960 16776960 16776960 16776960 0 0 0 0 0 0 0 0 0 0 0 0 0 0 0 0 0 0 0 0 0 0 0 0 0 0 0 17663 17663 17663 17663 16776960 16776960 16776960 16776960 0 0 0 0 0 0 0 0 0 0 0 0 0 0 0 0 0 0 0 0 0 0 0 0 0 0 0 17663 17663 17663 17663 16776960 16776960 16776960 16776960 0 0 0 0 0 0 0 0 0 0 0 0 0 0 0 0 0 0 0 0 0 0 0 0 0 0 0 0 0 0 0 0 0 0 0 0 0 0 0 0 0 0 0 0 0 0 0 0 0 0 0 0 0 0 0 0 0 0 0 0 0 0 0 0 0 0 0 0 0 0 0 0 0 0 0 0 0 0 0 0 0 0 0 0 0 0 0 0 0 0 0 0 0 0 0 0 0 0 0 0 0 0 0 0 0 0 0 0 0 0 0 0 0 0 0 0 0 0 0 0 0 0 0 0 0 0 0 0 0 0 0 0 0 0 0 0 0 0 0 0 0 0 0 0 0 0 0 0 0 0 0 0 0 0 0 0 0 0 0 0 0 0 0 0 0 0 0 0 0 0 0 0 0 0 0 0 0 0 0 0 0 0 0 0 0 0 0 0 0 0 0 0 0
move: R'
frame: 1959276599
pixels: 0 0 0 0 0 0 0 0 0 16744448 16744448 16744448 16744448 52224 52224 52224 52224 0 0 0 0 0 0 0 0 0 0 0 0 0 0 0 0 0 0 0 0 0 0 0 0 0 0 0 16744448 16744448 16744448 16744448 52224 52224 52224 52224 0 0 0 0 0 0 0 0 0 0 0 0 0 0 0 0 0 0 0 0 0 0 0 0 0 0 0 16744448 16744448 16744448 16744448 52224 52224 52224 52224 0 0 0 0 0 0 0 0 0 0 0 0 0 0 0 0 0 0 0 0 0 0 0 0 0 0 0 16777215 16777215 16777215 16777215 17663 17663 17663 17663 0 0 0 0 0 0 0 0 0 0 0 0 0 0 0 0 0 0 0 0 0 0 0 0 0 0 0 16777215 16777215 16777215 16777215 17663 17663 17663 17663 0 0 0 0 0 0 0 0 0 0 0 0 0 0 0 0 0 0 0 0 0 0 0 0 0 0 0 16777215 16777215 16777215 16777215 17663 17663 17663 17663 0 0 0 0 0 0 0 0 0 0 0 0 0 0 0 0 0 0 0 0 0 0 0 0 0 0 0 0 0 0 0 0 0 0 0 0 0 0 0 0 0 0 0 0 0 0 0 0 0 0 0 0 0 16776960 16776960 16776960 16776960 16744448 16744448 16744448 16744448 0 52224 52224 52224 52224 16744448 16744448 16744448 16744448 0 16777215 16777215 16777215 16777215 16744448 16744448 16744448 16744448 0 16776960 16776960 16776960 16776960 17663 17663 17663 17663 16776960 16776960 16776960 16776960 16744448 16744448 16744448 16744448 0 52224 52224 52224 52224 16744448 16744448 16744448 16744448 0 16777215 16777215 16777215 16777215 16744448 16744448 16744448 16744448 0 16776960 16776960 16776960 16776960 17663 17663 17663 17663 16776960 16776960 16776960 16776960 16744448 16744448 16744448 16744448 0 52224 52224 52224 52224 16744448 16744448 16744448 16744448 0 16777215 16777215 16777215 16777215 16744448 16744448 16744448 16744448 0 16776960 16776960 16776960 16776960 17663 17663 17663 17663 16711680 16711680 16711680 16711680 16711680 16711680 16711680 16711680 0 16776960 16776960 16776960 16776960 16711680 16711680 16711680 16711680 0 52224 52224 52224 52224 17663 17663 17663 17663 0 16711680 16711680 16711680 16711680 16776960 16776960 16776960 16776960 16711680 16711680 16711680 16711680 16711680 16711680 16711680 16711680 0 16776960 16776960 16776960 16776960 16711680 16711680 16711680 16711680 0 52224 52224 52224 52224 17663 17663 17663 17663 0 16711680 16711680 16711680 16711680 16776960 16776960 16776960 16776960 16711680 16711680 16711680 16711680 16711680 16711680 16711680 16711680 0 16776960 16776960 16776960 16776960 16711680 16711680 16711680 16711680 0 52224 52224 52224 52224 17663 17663 17663 17663 0 16711680 16711680 16711680 16711680 16776960 16776960 16776960 16776960 0 0 0 0 0 0 0 0 0 0 0 0 0 0 0 0 0 0 0 0 0 0 0 0 0 0 0 0 0 0 0 0 0 0 0 0 0 0 0 0 0 0 0 0 52224 52224 52224 52224 16777215 16777215 16777215 16777215 0 0 0 0 0 0 0 0 0 0 0 0 0 0 0 0 0 0 0 0 0 0 0 0 0 0 0 52224 52224 52224 52224 16777215 16777215 16777215 16777215 0 0 0 0 0 0 0 0 0 0 0 0 0 0 0 0 0 0 0 0 0 0 0 0 0 0 0 52224 52224 52224 52224 16777215 16777215 16777215 16777215 0 0 0 0 0 0 0 0 0 0 0 0 0 0 0 0 0 0 0 0 0 0 0 0 0 0 0 17663 17663 17663 17663 16777215 16777215 16777215 16777215 0 0 0 0 0 0 0 0 0 0 0 0 0 0 0 0 0 0 0 0 0 0 0 0 0 0 0 17663 17663 17663 17663 16777215 16777215 16777215 16777215 0 0 0 0 0 0 0 0 0 0 0 0 0 0 0 0 0 0 0 0 0 0 0 0 0 0 0 17663 17663 17663 17663 16777215 16777215 16777215 16777215 0 0 0 0 0 0 0 0 0 0 0 0 0 0 0 0 0 0 0 0 0 0 0 0 0 0 0 0 0 0 0 0 0 0 0 0 0 0 0 0 0 0 0 0 0 0 0 0 0 0 0 0 0 0 0 0 0 0 0 0 0 0 0 0 0 0 0 0 0 0 0 0 0 0 0 0 0 0 0 0 0 0 0 0 0 0 0 0 0 0 0 0 0 0 0 0 0 0 0 0 0 0 0 0 0 0 0 0 0 0 0 0 0 0 0 0 0 0 0 0 0 0 0 0 0 0 0 0 0 0 0 0 0 0 0 0 0 0 0 0 0 0 0 0 0 0 0 0 0 0 0 0 0 0 0 0 0 0 0 0 0 0 0 0 0 0 0 0 0 0 0 0 0 0 0 0 0 0 0 0 0 0 0 0 0 0 0 0 0 0 0 0 0
move: B
frame: -607304017
pixels: 0 0 0 0 0 0 0 0 0 16744448 16744448 16744448 16744448 17663 17663 17663 17663 0 0 0 0 0 0 0 0 0 0 0 0 0 0 0 0 0 0 0 0 0 0 0 0 0 0 0 16744448 16744448 16744448 16744448 17663 17663 17663 17663 0 0 0 0 0 0 0 0 0 0 0 0 0 0 0 0 0 0 0 0 0 0 0 0 0 0 0 16744448 16744448 16744448 16744448 17663 17663 17663 17663 0 0 0 0 0 0 0 0 0 0 0 0 0 0 0 0 0 0 0 0 0 0 0 0 0 0 0 16777215 16777215 16777215 16777215 17663 17663 17663 17663 0 0 0 0 0 0 0 0 0 0 0 0 0 0 0 0 0 0 0 0 0 0 0 0 0 0 0 16777215 16777215 16777215 16777215 17663 17663 17663 17663 0 0 0 0 0 0 0 0 0 0 0 0 0 0 0 0 0 0 0 0 0 0 0 0 0 0 0 16777215 16777215 16777215 16777215 17663 17663 17663 17663 0 0 0 0 0 0 0 0 0 0 0 0 0 0 0 0 0 0 0 0 0 0 0 0 0 0 0 0 0 0 0 0 0 0 0 0 0 0 0 0 0 0 0 0 0 0 0 0 0 0 0 0 0 52224 52224 52224 52224 16744448 16744448 16744448 16744448 0 52224 52224 52224 52224 16744448 16744448 16744448 16744448 0 16777215 16777215 16777215 16777215 16777215 16777215 16777215 16777215 0 16711680 16711680 16711680 16711680 16776960 16776960 16776960 16776960 52224 52224 52224 52224 16744448 16744448 16744448 16744448 0 52224 52224 52224 52224 16744448 16744448 16744448 16744448 0 16777215 16777215 16777215 16777215 16777215 16777215 16777215 16777215 0 16711680 16711680 16711680 16711680 16776960 16776960 16776960 16776960 52224 52224 52224 52224 16744448 16744448 16744448 16744448 0 52224 52224 52224 52224 16744448 16744448 16744448 16744448 0 16777215 16777215 16777215 16777215 16777215 16777215 16777215 16777215 0 16711680 16711680 16711680 16711680 16776960 16776960 16776960 16776960 16744448 16744448 16744448 16744448 16711680 16711680 16711680 16711680 0 16776960 16776960 16776960 16776960 16711680 16711680 16711680 16711680 0 52224 52224 52224 52224 17663 17663 17663 17663 0 16776960 16776960 16776960 16776960 17663 17663 17663 17663 16744448 16744448 16744448 16744448 16711680 16711680 16711680 16711680 0 16776960 16776960 16776960 16776960 16711680 16711680 16711680 16711680 0 52224 52224 52224 52224 17663 17663 17663 17663 0 16776960 16776960 16776960 16776960 17663 17663 17663 17663 16744448 16744448 16744448 16744448 16711680 16711680 16711680 16711680 0 16776960 16776960 16776960 16776960 16711680 16711680 16711680 16711680 0 52224 52224 52224 52224 17663 17663 17663 17663 0 16776960 16776960 16776960 16776960 17663 17663 17663 17663 0 0 0 0 0 0 0 0 0 0 0 0 0 0 0 0 0 0 0 0 0 0 0 0 0 0 0 0 0 0 0 0 0 0 0 0 0 0 0 0 0 0 0 0 52224 52224 52224 52224 16777215 16777215 16777215 16777215 0 0 0 0 0 0 0 0 0 0 0 0 0 0 0 0 0 0 0 0 0 0 0 0 0 0 0 52224 52224 52224 52224 16777215 16777215 16777215 16777215 0 0 0 0 0 0 0 0 0 0 0 0 0 0 0 0 0 0 0 0 0 0 0 0 0 0 0 52224 52224 52224 52224 16777215 16777215 16777215 16777215 0 0 0 0 0 0 0 0 0 0 0 0 0 0 0 0 0 0 0 0 0 0 0 0 0 0 0 16776960 16776960 16776960 16776960 16711680 16711680 16711680 16711680 0 0 0 0 0 0 0 0 0 0 0 0 0 0 0 0 0 0 0 0 0 0 0 0 0 0 0 16776960 16776960 16776960 16776960 16711680 16711680 16711680 16711680 0 0 0 0 0 0 0 0 0 0 0 0 0 0 0 0 0 0 0 0 0 0 0 0 0 0 0 16776960 16776960 16776960 16776960 16711680 16711680 16711680 16711680 0 0 0 0 0 0 0 0 0 0 0 0 0 0 0 0 0 0 0 0 0 0 0 0 0 0 0 0 0 0 0 0 0 0 0 0 0 0 0 0 0 0 0 0 0 0 0 0 0 0 0 0 0 0 0 0 0 0 0 0 0 0 0 0 0 0 0 0 0 0 0 0 0 0 0 0 0 0 0 0 0 0 0 0 0 0 0 0 0 0 0 0 0 0 0 0 0 0 0 0 0 0 0 0 0 0 0 0 0 0 0 0 0 0 0 0 0 0 0 0 0 0 0 0 0 0 0 0 0 0 0 0 0 0 0 0 0 0 0 0 0 0 0 0 0 0 0 0 0 0 0 0 0 0 0 0 0 0 0 0 0 0 0 0 0 0 0 0 0 0 0 0 0 0 0 0 0 0 0 0 0 0 0 0 0 0 0 0 0 0 0 0 0
move: R'
frame: -1441677120
pixels: 0 0 0 0 0 0 0 0 0 16744448 16744448 16744448 16744448 16776960 16776960 16776960 16776960 0 0 0 0 0 0 0 0 0 0 0 0 0 0 0 0 0 0 0 0 0 0 0 0 0 0 0 16744448 16744448 16744448 16744448 16776960 16776960 16776960 16776960 0 0 0 0 0 0 0 0 0 0 0 0 0 0 0 0 0 0 0 0 0 0 0 0 0 0 0 16744448 16744448 16744448 16744448 16776960 16776960 16776960 16776960 0 0 0 0 0 0 0 0 0 0 0 0 0 0 0 0 0 0 0 0 0 0 0 0 0 0 0 16777215 16777215 16777215 16777215 16711680 16711680 16711680 16711680 0 0 0 0 0 0 0 0 0 0 0 0 0 0 0 0 0 0 0 0 0 0 0 0 0 0 0 16777215 16777215 16777215 16777215 16711680 16711680 16711680 16711680 0 0 0 0 0 0 0 0 0 0 0 0 0 0 0 0 0 0 0 0 0 0 0 0 0 0 0 16777215 16777215 16777215 16777215 16711680 16711680 16711680 16711680 0 0 0 0 0 0 0 0 0 0 0 0 0 0 0 0 0 0 0 0 0 0 0 0 0 0 0 0 0 0 0 0 0 0 0 0 0 0 0 0 0 0 0 0 0 0 0 0 0 0 0 0 0 52224 52224 52224 52224 16744448 16744448 16744448 16744448 0 52224 52224 52224 52224 17663 17663 17663 17663 0 16777215 16777215 16777215 16777215 17663 17663 17663 17663 0 16711680 16711680 16711680 16711680 16776960 16776960 16776960 16776960 52224 52224 52224 52224 16744448 16744448 16744448 16744448 0 52224 52224 52224 52224 17663 17663 17663 17663 0 16777215 16777215 16777215 16777215 17663 17663 17663 17663 0 16711680 16711680 16711680 16711680 16776960 16776960 16776960 16776960 52224 52224 52224 52224 16744448 16744448 16744448 16744448 0 52224 52224 52224 52224 17663 17663 17663 17663 0 16777215 16777215 16777215 16777215 17663 17663 17663 17663 0 16711680 16711680 16711680 16711680 16776960 16776960 16776960 16776960 16744448 16744448 16744448 16744448 16711680 16711680 16711680 16711680 0 16776960 16776960 16776960 16776960 17663 17663 17663 17663 0 16777215 16777215 16777215 16777215 52224 52224 52224 52224 0 16777215 16777215 16777215 16777215 17663 17663 17663 17663 16744448 16744448 16744448 16744448 16711680 16711680 16711680 16711680 0 16776960 16776960 16776960 16776960 17663 17663 17663 17663 0 16777215 16777215 16777215 16777215 52224 52224 52224 52224 0 16777215 16777215 16777215 16777215 17663 17663 17663 17663 16744448 16744448 16744448 16744448 16711680 16711680 16711680 16711680 0 16776960 16776960 16776960 16776960 17663 17663 17663 17663 0 16777215 16777215 16777215 16777215 52224 52224 52224 52224 0 16777215 16777215 16777215 16777215 17663 17663 17663 17663 0 0 0 0 0 0 0 0 0 0 0 0 0 0 0 0 0 0 0 0 0 0 0 0 0 0 0 0 0 0 0 0 0 0 0 0 0 0 0 0 0 0 0 0 52224 52224 52224 52224 16744448 16744448 16744448 16744448 0 0 0 0 0 0 0 0 0 0 0 0 0 0 0 0 0 0 0 0 0 0 0 0 0 0 0 52224 52224 52224 52224 16744448 16744448 16744448 16744448 0 0 0 0 0 0 0 0 0 0 0 0 0 0 0 0 0 0 0 0 0 0 0 0 0 0 0 52224 52224 52224 52224 16744448 16744448 16744448 16744448 0 0 0 0 0 0 0 0 0 0 0 0 0 0 0 0 0 0 0 0 0 0 0 0 0 0 0 16776960 16776960 16776960 16776960 16711680 16711680 16711680 16711680 0 0 0 0 0 0 0 0 0 0 0 0 0 0 0 0 0 0 0 0 0 0 0 0 0 0 0 16776960 16776960 16776960 16776960 16711680 16711680 16711680 16711680 0 0 0 0 0 0 0 0 0 0 0 0 0 0 0 0 0 0 0 0 0 0 0 0 0 0 0 16776960 16776960 16776960 16776960 16711680 16711680 16711680 16711680 0 0 0 0 0 0 0 0 0 0 0 0 0 0 0 0 0 0 0 0 0 0 0 0 0 0 0 0 0 0 0 0 0 0 0 0 0 0 0 0 0 0 0 0 0 0 0 0 0 0 0 0 0 0 0 0 0 0 0 0 0 0 0 0 0 0 0 0 0 0 0 0 0 0 0 0 0 0 0 0 0 0 0 0 0 0 0 0 0 0 0 0 0 0 0 0 0 0 0 0 0 0 0 0 0 0 0 0 0 0 0 0 0 0 0 0 0 0 0 0 0 0 0 0 0 0 0 0 0 0 0 0 0 0 0 0 0 0 0 0 0 0 0 0 0 0 0 0 0 0 0 0 0 0 0 0 0 0 0 0 0 0 0 0 0 0 0 0 0 0 0 0 0 0 0 0 0 0 0 0 0 0 0 0 0 0 0 0 0 0 0 0 0
move: B'
frame: -405652495
pixels: 0 0 0 0 0 0 0 0 0 16744448 16744448 16744448 16744448 52224 52224 52224 52224 0 0 0 0 0 0 0 0 0 0 0 0 0 0 0 0 0 0 0 0 0 0 0 0 0 0 0 16744448 16744448 16744448 16744448 52224 52224 52224 52224 0 0 0 0 0 0 0 0 0 0 0 0 0 0 0 0 0 0 0 0 0 0 0 0 0 0 0 16744448 16744448 16744448 16744448 52224 52224 52224 52224 0 0 0 0 0 0 0 0 0 0 0 0 0 0 0 0 0 0 0 0 0 0 0 0 0 0 0 16777215 16777215 16777215 16777215 16711680 16711680 16711680 16711680 0 0 0 0 0 0 0 0 0 0 0 0 0 0 0 0 0 0 0 0 0 0 0 0 0 0 0 16777215 16777215 16777215 16777215 16711680 16711680 16711680 16711680 0 0 0 0 0 0 0 0 0 0 0 0 0 0 0 0 0 0 0 0 0 0 0 0 0 0 0 16777215 16777215 16777215 16777215 16711680 16711680 16711680 16711680 0 0 0 0 0 0 0 0 0 0 0 0 0 0 0 0 0 0 0 0 0 0 0 0 0 0 0 0 0 0 0 0 0 0 0 0 0 0 0 0 0 0 0 0 0 0 0 0 0 0 0 0 0 16776960 16776960 16776960 16776960 16744448 16744448 16744448 16744448 0 52224 52224 52224 52224 17663 17663 17663 17663 0 16777215 16777215 16777215 16777215 16744448 16744448 16744448 16744448 0 16776960 16776960 16776960 16776960 17663 17663 17663 17663 16776960 16776960 16776960 16776960 16744448 16744448 16744448 16744448 0 52224 52224 52224 52224 17663 17663 17663 17663 0 16777215 16777215 16777215 16777215 16744448 16744448 16744448 16744448 0 16776960 16776960 16776960 16776960 17663 17663 17663 17663 16776960 16776960 16776960 16776960 16744448 16744448 16744448 16744448 0 52224 52224 52224 52224 17663 17663 17663 17663 0 16777215 16777215 16777215 16777215 16744448 16744448 16744448 16744448 0 16776960 16776960 16776960 16776960 17663 17663 17663 17663 16711680 16711680 16711680 16711680 16711680 16711680 16711680 16711680 0 16776960 16776960 16776960 16776960 17663 17663 17663 17663 0 16777215 16777215 16777215 16777215 16776960 16776960 16776960 16776960 0 16711680 16711680 16711680 16711680 16777215 16777215 16777215 16777215 16711680 16711680 16711680 16711680 16711680 16711680 16711680 16711680 0 16776960 16776960 16776960 16776960 17663 17663 17663 17663 0 16777215 16777215 16777215 16777215 16776960 16776960 16776960 16776960 0 16711680 16711680 16711680 16711680 16777215 16777215 16777215 16777215 16711680 16711680 16711680 16711680 16711680 16711680 16711680 16711680 0 16776960 16776960 16776960 16776960 17663 17663 17663 17663 0 16777215 16777215 16777215 16777215 16776960 16776960 16776960 16776960 0 16711680 16711680 16711680 16711680 16777215 16777215 16777215 16777215 0 0 0 0 0 0 0 0 0 0 0 0 0 0 0 0 0 0 0 0 0 0 0 0 0 0 0 0 0 0 0 0 0 0 0 0 0 0 0 0 0 0 0 0 52224 52224 52224 52224 16744448 16744448 16744448 16744448 0 0 0 0 0 0 0 0 0 0 0 0 0 0 0 0 0 0 0 0 0 0 0 0 0 0 0 52224 52224 52224 52224 16744448 16744448 16744448 16744448 0 0 0 0 0 0 0 0 0 0 0 0 0 0 0 0 0 0 0 0 0 0 0 0 0 0 0 52224 52224 52224 52224 16744448 16744448 16744448 16744448 0 0 0 0 0 0 0 0 0 0 0 0 0 0 0 0 0 0 0 0 0 0 0 0 0 0 0 52224 52224 52224 52224 17663 17663 17663 17663 0 0 0 0 0 0 0 0 0 0 0 0 0 0 0 0 0 0 0 0 0 0 0 0 0 0 0 52224 52224 52224 52224 17663 17663 17663 17663 0 0 0 0 0 0 0 0 0 0 0 0 0 0 0 0 0 0 0 0 0 0 0 0 0 0 0 52224 52224 52224 52224 17663 17663 17663 17663 0 0 0 0 0 0 0 0 0 0 0 0 0 0 0 0 0 0 0 0 0 0 0 0 0 0 0 0 0 0 0 0 0 0 0 0 0 0 0 0 0 0 0 0 0 0 0 0 0 0 0 0 0 0 0 0 0 0 0 0 0 0 0 0 0 0 0 0 0 0 0 0 0 0 0 0 0 0 0 0 0 0 0 0 0 0 0 0 0 0 0 0 0 0 0 0 0 0 0 0 0 0 0 0 0 0 0 0 0 0 0 0 0 0 0 0 0 0 0 0 0 0 0 0 0 0 0 0 0 0 0 0 0 0 0 0 0 0 0 0 0 0 0 0 0 0 0 0 0 0 0 0 0 0 0 0 0 0 0 0 0 0 0 0 0 0 0 0 0 0 0 0 0 0 0 0 0 0 0 0 0 0 0 0 0 0 0 0 0 0 0 0 0
move: R
frame: 776826730
pixels: 0 0 0 0 0 0 0 0 0 16744448 16744448 16744448 16744448 17663 17663 17663 17663 0 0 0 0 0 0 0 0 0 0 0 0 0 0 0 0 0 0 0 0 0 0 0 0 0 0 0 16744448 16744448 16744448 16744448 17663 17663 17663 17663 0 0 0 0 0 0 0 0 0 0 0 0 0 0 0 0 0 0 0 0 0 0 0 0 0 0 0 16744448 16744448 16744448 16744448 17663 17663 17663 17663 0 0 0 0 0 0 0 0 0 0 0 0 0 0 0 0 0 0 0 0 0 0 0 0 0 0 0 16777215 16777215 16777215 16777215 17663 17663 17663 17663 0 0 0 0 0 0 0 0 0 0 0 0 0 0 0 0 0 0 0 0 0 0 0 0 0 0 0 16777215 16777215 16777215 16777215 17663 17663 17663 17663 0 0 0 0 0 0 0 0 0 0 0 0 0 0 0 0 0 0 0 0 0 0 0 0 0 0 0 16777215 16777215 16777215 16777215 17663 17663 17663 17663 0 0 0 0 0 0 0 0 0 0 0 0 0 0 0 0 0 0 0 0 0 0 0 0 0 0 0 0 0 0 0 0 0 0 0 0 0 0 0 0 0 0 0 0 0 0 0 0 0 0 0 0 0 16776960 16776960 16776960 16776960 16744448 16744448 16744448 16744448 0 52224 52224 52224 52224 16744448 16744448 16744448 16744448 0 16777215 16777215 16777215 16777215 16777215 16777215 16777215 16777215 0 16711680 16711680 16711680 16711680 17663 17663 17663 17663 16776960 16776960 16776960 16776960 16744448 16744448 16744448 16744448 0 52224 52224 52224 52224 16744448 16744448 16744448 16744448 0 16777215 16777215 16777215 16777215 16777215 16777215 16777215 16777215 0 16711680 16711680 16711680 16711680 17663 17663 17663 17663 16776960 16776960 16776960 16776960 16744448 16744448 16744448 16744448 0 52224 52224 52224 52224 16744448 16744448 16744448 16744448 0 16777215 16777215 16777215 16777215 16777215 16777215 16777215 16777215 0 16711680 16711680 16711680 16711680 17663 17663 17663 17663 16711680 16711680 16711680 16711680 16711680 16711680 16711680 16711680 0 16776960 16776960 16776960 16776960 17663 17663 17663 17663 0 16776960 16776960 16776960 16776960 16744448 16744448 16744448 16744448 0 52224 52224 52224 52224 16777215 16777215 16777215 16777215 16711680 16711680 16711680 16711680 16711680 16711680 16711680 16711680 0 16776960 16776960 16776960 16776960 17663 17663 17663 17663 0 16776960 16776960 16776960 16776960 16744448 16744448 16744448 16744448 0 52224 52224 52224 52224 16777215 16777215 16777215 16777215 16711680 16711680 16711680 16711680 16711680 16711680 16711680 16711680 0 16776960 16776960 16776960 16776960 17663 17663 17663 17663 0 16776960 16776960 16776960 16776960 16744448 16744448 16744448 16744448 0 52224 52224 52224 52224 16777215 16777215 16777215 16777215 0 0 0 0 0 0 0 0 0 0 0 0 0 0 0 0 0 0 0 0 0 0 0 0 0 0 0 0 0 0 0 0 0 0 0 0 0 0 0 0 0 0 0 0 52224 52224 52224 52224 16711680 16711680 16711680 16711680 0 0 0 0 0 0 0 0 0 0 0 0 0 0 0 0 0 0 0 0 0 0 0 0 0 0 0 52224 52224 52224 52224 16711680 16711680 16711680 16711680 0 0 0 0 0 0 0 0 0 0 0 0 0 0 0 0 0 0 0 0 0 0 0 0 0 0 0 52224 52224 52224 52224 16711680 16711680 16711680 16711680 0 0 0 0 0 0 0 0 0 0 0 0 0 0 0 0 0 0 0 0 0 0 0 0 0 0 0 52224 52224 52224 52224 16776960 16776960 16776960 16776960 0 0 0 0 0 0 0 0 0 0 0 0 0 0 0 0 0 0 0 0 0 0 0 0 0 0 0 52224 52224 52224 52224 16776960 16776960 16776960 16776960 0 0 0 0 0 0 0 0 0 0 0 0 0 0 0 0 0 0 0 0 0 0 0 0 0 0 0 52224 52224 52224 52224 16776960 16776960 16776960 16776960 0 0 0 0 0 0 0 0 0 0 0 0 0 0 0 0 0 0 0 0 0 0 0 0 0 0 0 0 0 0 0 0 0 0 0 0 0 0 0 0 0 0 0 0 0 0 0 0 0 0 0 0 0 0 0 0 0 0 0 0 0 0 0 0 0 0 0 0 0 0 0 0 0 0 0 0 0 0 0 0 0 0 0 0 0 0 0 0 0 0 0 0 0 0 0 0 0 0 0 0 0 0 0 0 0 0 0 0 0 0 0 0 0 0 0 0 0 0 0 0 0 0 0 0 0 0 0 0 0 0 0 0 0 0 0 0 0 0 0 0 0 0 0 0 0 0 0 0 0 0 0 0 0 0 0 0 0 0 0 0 0 0 0 0 0 0 0 0 0 0 0 0 0 0 0 0 0 0 0 0 0 0 0 0 0 0 0 0 0 0 0 0 0
move: D2
frame: -1720973581
pixels: 0 0 0 0 0 0 0 0 0 16744448 16744448 16744448 16744448 17663 17663 17663 17663 0 0 0 0 0 0 0 0 0 0 0 0 0 0 0 0 0 0 0 0 0 0 0 0 0 0 0 16744448 16744448 16744448 16744448 17663 17663 17663 17663 0 0 0 0 0 0 0 0 0 0 0 0 0 0 0 0 0 0 0 0 0 0 0 0 0 0 0 16744448 16744448 16744448 16744448 17663 17663 17663 17663 0 0 0 0 0 0 0 0 0 0 0 0 0 0 0 0 0 0 0 0 0 0 0 0 0 0 0 16777215 16777215 16777215 16777215 17663 17663 17663 17663 0 0 0 0 0 0 0 0 0 0 0 0 0 0 0 0 0 0 0 0 0 0 0 0 0 0 0 16777215 16777215 16777215 16777215 17663 17663 17663 17663 0 0 0 0 0 0 0 0 0 0 0 0 0 0 0 0 0 0 0 0 0 0 0 0 0 0 0 16777215 16777215 16777215 16777215 17663 17663 17663 17663 0 0 0 0 0 0 0 0 0 0 0 0 0 0 0 0 0 0 0 0 0 0 0 0 0 0 0 0 0 0 0 0 0 0 0 0 0 0 0 0 0 0 0 0 0 0 0 0 0 0 0 0 0 16776960 16776960 16776960 16776960 16744448 16744448 16744448 16744448 0 52224 52224 52224 52224 16744448 16744448 16744448 16744448 0 16777215 16777215 16777215 16777215 16777215 16777215 16777215 16777215 0 16711680 16711680 16711680 16711680 17663 17663 17663 17663 16776960 16776960 16776960 16776960 16744448 16744448 16744448 16744448 0 52224 52224 52224 52224 16744448 16744448 16744448 16744448 0 16777215 16777215 16777215 16777215 16777215 16777215 16777215 16777215 0 16711680 16711680 16711680 16711680 17663 17663 17663 17663 16776960 16776960 16776960 16776960 16744448 16744448 16744448 16744448 0 52224 52224 52224 52224 16744448 16744448 16744448 16744448 0 16777215 16777215 16777215 16777215 16777215 16777215 16777215 16777215 0 16711680 16711680 16711680 16711680 17663 17663 17663 17663 16776960 16776960 16776960 16776960 16744448 16744448 16744448 16744448 0 52224 52224 52224 52224 16777215 16777215 16777215 16777215 0 16711680 16711680 16711680 16711680 16711680 16711680 16711680 16711680 0 16776960 16776960 16776960 16776960 17663 17663 17663 17663 16776960 16776960 16776960 16776960 16744448 16744448 16744448 16744448 0 52224 52224 52224 52224 16777215 16777215 16777215 16777215 0 16711680 16711680 16711680 16711680 16711680 16711680 16711680 16711680 0 16776960 16776960 16776960 16776960 17663 17663 17663 17663 16776960 16776960 16776960 16776960 16744448 16744448 16744448 16744448 0 52224 52224 52224 52224 16777215 16777215 16777215 16777215 0 16711680 16711680 16711680 16711680 16711680 16711680 16711680 16711680 0 16776960 16776960 16776960 16776960 17663 17663 17663 17663 0 0 0 0 0 0 0 0 0 0 0 0 0 0 0 0 0 0 0 0 0 0 0 0 0 0 0 0 0 0 0 0 0 0 0 0 0 0 0 0 0 0 0 0 16776960 16776960 16776960 16776960 52224 52224 52224 52224 0 0 0 0 0 0 0 0 0 0 0 0 0 0 0 0 0 0 0 0 0 0 0 0 0 0 0 16776960 16776960 16776960 16776960 52224 52224 52224 52224 0 0 0 0 0 0 0 0 0 0 0 0 0 0 0 0 0 0 0 0 0 0 0 0 0 0 0 16776960 16776960 16776960 16776960 52224 52224 52224 52224 0 0 0 0 0 0 0 0 0 0 0 0 0 0 0 0 0 0 0 0 0 0 0 0 0 0 0 16711680 16711680 16711680 16711680 52224 52224 52224 52224 0 0 0 0 0 0 0 0 0 0 0 0 0 0 0 0 0 0 0 0 0 0 0 0 0 0 0 16711680 16711680 16711680 16711680 52224 52224 52224 52224 0 0 0 0 0 0 0 0 0 0 0 0 0 0 0 0 0 0 0 0 0 0 0 0 0 0 0 16711680 16711680 16711680 16711680 52224 52224 52224 52224 0 0 0 0 0 0 0 0 0 0 0 0 0 0 0 0 0 0 0 0 0 0 0 0 0 0 0 0 0 0 0 0 0 0 0 0 0 0 0 0 0 0 0 0 0 0 0 0 0 0 0 0 0 0 0 0 0 0 0 0 0 0 0 0 0 0 0 0 0 0 0 0 0 0 0 0 0 0 0 0 0 0 0 0 0 0 0 0 0 0 0 0 0 0 0 0 0 0 0 0 0 0 0 0 0 0 0 0 0 0 0 0 0 0 0 0 0 0 0 0 0 0 0 0 0 0 0 0 0 0 0 0 0 0 0 0 0 0 0 0 0 0 0 0 0 0 0 0 0 0 0 0 0 0 0 0 0 0 0 0 0 0 0 0 0 0 0 0 0 0 0 0 0 0 0 0 0 0 0 0 0 0 0 0 0 0 0 0 0 0 0 0 0
move: R
frame: 522724252
pixels: 0 0 0 0 0 0 0 0 0 16744448 16744448 16744448 16744448 16744448 16744448 16744448 16744448 0 0 0 0 0 0 0 0 0 0 0 0 0 0 0 0 0 0 0 0 0 0 0 0 0 0 0 16744448 16744448 16744448 16744448 16744448 16744448 16744448 16744448 0 0 0 0 0 0 0 0 0 0 0 0 0 0 0 0 0 0 0 0 0 0 0 0 0 0 0 16744448 16744448 16744448 16744448 16744448 16744448 16744448 16744448 0 0 0 0 0 0 0 0 0 0 0 0 0 0 0 0 0 0 0 0 0 0 0 0 0 0 0 16777215 16777215 16777215 16777215 16777215 16777215 16777215 16777215 0 0 0 0 0 0 0 0 0 0 0 0 0 0 0 0 0 0 0 0 0 0 0 0 0 0 0 16777215 16777215 16777215 16777215 16777215 16777215 16777215 16777215 0 0 0 0 0 0 0 0 0 0 0 0 0 0 0 0 0 0 0 0 0 0 0 0 0 0 0 16777215 16777215 16777215 16777215 16777215 16777215 16777215 16777215 0 0 0 0 0 0 0 0 0 0 0 0 0 0 0 0 0 0 0 0 0 0 0 0 0 0 0 0 0 0 0 0 0 0 0 0 0 0 0 0 0 0 0 0 0 0 0 0 0 0 0 0 0 16776960 16776960 16776960 16776960 16744448 16744448 16744448 16744448 0 52224 52224 52224 52224 52224 52224 52224 52224 0 16711680 16711680 16711680 16711680 16777215 16777215 16777215 16777215 0 17663 17663 17663 17663 17663 17663 17663 17663 16776960 16776960 16776960 16776960 16744448 16744448 16744448 16744448 0 52224 52224 52224 52224 52224 52224 52224 52224 0 16711680 16711680 16711680 16711680 16777215 16777215 16777215 16777215 0 17663 17663 17663 17663 17663 17663 17663 17663 16776960 16776960 16776960 16776960 16744448 16744448 16744448 16744448 0 52224 52224 52224 52224 52224 52224 52224 52224 0 16711680 16711680 16711680 16711680 16777215 16777215 16777215 16777215 0 17663 17663 17663 17663 17663 17663 17663 17663 16776960 16776960 16776960 16776960 16744448 16744448 16744448 16744448 0 52224 52224 52224 52224 52224 52224 52224 52224 0 16711680 16711680 16711680 16711680 16777215 16777215 16777215 16777215 0 17663 17663 17663 17663 17663 17663 17663 17663 16776960 16776960 16776960 16776960 16744448 16744448 16744448 16744448 0 52224 52224 52224 52224 52224 52224 52224 52224 0 16711680 16711680 16711680 16711680 16777215 16777215 16777215 16777215 0 17663 17663 17663 17663 17663 17663 17663 17663 16776960 16776960 16776960 16776960 16744448 16744448 16744448 16744448 0 52224 52224 52224 52224 52224 52224 52224 52224 0 16711680 16711680 16711680 16711680 16777215 16777215 16777215 16777215 0 17663 17663 17663 17663 17663 17663 17663 17663 0 0 0 0 0 0 0 0 0 0 0 0 0 0 0 0 0 0 0 0 0 0 0 0 0 0 0 0 0 0 0 0 0 0 0 0 0 0 0 0 0 0 0 0 16776960 16776960 16776960 16776960 16776960 16776960 16776960 16776960 0 0 0 0 0 0 0 0 0 0 0 0 0 0 0 0 0 0 0 0 0 0 0 0 0 0 0 16776960 16776960 16776960 16776960 16776960 16776960 16776960 16776960 0 0 0 0 0 0 0 0 0 0 0 0 0 0 0 0 0 0 0 0 0 0 0 0 0 0 0 16776960 16776960 16776960 16776960 16776960 16776960 16776960 16776960 0 0 0 0 0 0 0 0 0 0 0 0 0 0 0 0 0 0 0 0 0 0 0 0 0 0 0 16711680 16711680 16711680 16711680 16711680 16711680 16711680 16711680 0 0 0 0 0 0 0 0 0 0 0 0 0 0 0 0 0 0 0 0 0 0 0 0 0 0 0 16711680 16711680 16711680 16711680 16711680 16711680 16711680 16711680 0 0 0 0 0 0 0 0 0 0 0 0 0 0 0 0 0 0 0 0 0 0 0 0 0 0 0 16711680 16711680 16711680 16711680 16711680 16711680 16711680 16711680 0 0 0 0 0 0 0 0 0 0 0 0 0 0 0 0 0 0 0 0 0 0 0 0 0 0 0 0 0 0 0 0 0 0 0 0 0 0 0 0 0 0 0 0 0 0 0 0 0 0 0 0 0 0 0 0 0 0 0 0 0 0 0 0 0 0 0 0 0 0 0 0 0 0 0 0 0 0 0 0 0 0 0 0 0 0 0 0 0 0 0 0 0 0 0 0 0 0 0 0 0 0 0 0 0 0 0 0 0 0 0 0 0 0 0 0 0 0 0 0 0 0 0 0 0 0 0 0 0 0 0 0 0 0 0 0 0 0 0 0 0 0 0 0 0 0 0 0 0 0 0 0 0 0 0 0 0 0 0 0 0 0 0 0 0 0 0 0 0 0 0 0 0 0 0 0 0 0 0 0 0 0 0 0 0 0 0 0 0 0 0 0 0
move: B
frame: 1439349795
pixels: 0 0 0 0 0 0 0 0 0 16777215 16777215 16777215 16777215 16777215 16777215 16777215 16777215 0 0 0 0 0 0 0 0 0 0 0 0 0 0 0 0 0 0 0 0 0 0 0 0 0 0 0 16777215 16777215 16777215 16777215 16777215 16777215 16777215 16777215 0 0 0 0 0 0 0 0 0 0 0 0 0 0 0 0 0 0 0 0 0 0 0 0 0 0 0 16777215 16777215 16777215 16777215 16777215 16777215 16777215 16777215 0 0 0 0 0 0 0 0 0 0 0 0 0 0 0 0 0 0 0 0 0 0 0 0 0 0 0 16777215 16777215 16777215 16777215 16777215 16777215 16777215 16777215 0 0 0 0 0 0 0 0 0 0 0 0 0 0 0 0 0 0 0 0 0 0 0 0 0 0 0 16777215 16777215 16777215 16777215 16777215 16777215 16777215 16777215 0 0 0 0 0 0 0 0 0 0 0 0 0 0 0 0 0 0 0 0 0 0 0 0 0 0 0 16777215 16777215 16777215 16777215 16777215 16777215 16777215 16777215 0 0 0 0 0 0 0 0 0 0 0 0 0 0 0 0 0 0 0 0 0 0 0 0 0 0 0 0 0 0 0 0 0 0 0 0 0 0 0 0 0 0 0 0 0 0 0 0 0 0 0 0 0 16744448 16744448 16744448 16744448 16744448 16744448 16744448 16744448 0 52224 52224 52224 52224 52224 52224 52224 52224 0 16711680 16711680 16711680 16711680 16711680 16711680 16711680 16711680 0 17663 17663 17663 17663 17663 17663 17663 17663 16744448 16744448 16744448 16744448 16744448 16744448 16744448 16744448 0 52224 52224 52224 52224 52224 52224 52224 52224 0 16711680 16711680 16711680 16711680 16711680 16711680 16711680 16711680 0 17663 17663 17663 17663 17663 17663 17663 17663 16744448 16744448 16744448 16744448 16744448 16744448 16744448 16744448 0 52224 52224 52224 52224 52224 52224 52224 52224 0 16711680 16711680 16711680 16711680 16711680 16711680 16711680 16711680 0 17663 17663 17663 17663 17663 17663 17663 17663 16744448 16744448 16744448 16744448 16744448 16744448 16744448 16744448 0 52224 52224 52224 52224 52224 52224 52224 52224 0 16711680 16711680 16711680 16711680 16711680 16711680 16711680 16711680 0 17663 17663 17663 17663 17663 17663 17663 17663 16744448 16744448 16744448 16744448 16744448 16744448 16744448 16744448 0 52224 52224 52224 52224 52224 52224 52224 52224 0 16711680 16711680 16711680 16711680 16711680 16711680 16711680 16711680 0 17663 17663 17663 17663 17663 17663 17663 17663 16744448 16744448 16744448 16744448 16744448 16744448 16744448 16744448 0 52224 52224 52224 52224 52224 52224 52224 52224 0 16711680 16711680 16711680 16711680 16711680 16711680 16711680 16711680 0 17663 17663 17663 17663 17663 17663 17663 17663 0 0 0 0 0 0 0 0 0 0 0 0 0 0 0 0 0 0 0 0 0 0 0 0 0 0 0 0 0 0 0 0 0 0 0 0 0 0 0 0 0 0 0 0 16776960 16776960 16776960 16776960 16776960 16776960 16776960 16776960 0 0 0 0 0 0 0 0 0 0 0 0 0 0 0 0 0 0 0 0 0 0 0 0 0 0 0 16776960 16776960 16776960 16776960 16776960 16776960 16776960 16776960 0 0 0 0 0 0 0 0 0 0 0 0 0 0 0 0 0 0 0 0 0 0 0 0 0 0 0 16776960 16776960 16776960 16776960 16776960 16776960 16776960 16776960 0 0 0 0 0 0 0 0 0 0 0 0 0 0 0 0 0 0 0 0 0 0 0 0 0 0 0 16776960 16776960 16776960 16776960 16776960 16776960 16776960 16776960 0 0 0 0 0 0 0 0 0 0 0 0 0 0 0 0 0 0 0 0 0 0 0 0 0 0 0 16776960 16776960 16776960 16776960 16776960 16776960 16776960 16776960 0 0 0 0 0 0 0 0 0 0 0 0 0 0 0 0 0 0 0 0 0 0 0 0 0 0 0 16776960 16776960 16776960 16776960 16776960 16776960 16776960 16776960 0 0 0 0 0 0 0 0 0 0 0 0 0 0 0 0 0 0 0 0 0 0 0 0 0 0 0 0 0 0 0 0 0 0 0 0 0 0 0 0 0 0 0 0 0 0 0 0 0 0 0 0 0 0 0 0 0 0 0 0 0 0 0 0 0 0 0 0 0 0 0 0 0 0 0 0 0 0 0 0 0 0 0 0 0 0 0 0 0 0 0 0 0 0 0 0 0 0 0 0 0 0 0 0 0 0 0 0 0 0 0 0 0 0 0 0 0 0 0 0 0 0 0 0 0 0 0 0 0 0 0 0 0 0 0 0 0 0 0 0 0 0 0 0 0 0 0 0 0 0 0 0 0 0 0 0 0 0 0 0 0 0 0 0 0 0 0 0 0 0 0 0 0 0 0 0 0 0 0 0 0 0 0 0 0 0 0 0 0 0 0 0 0

Program exited with code: 0
===== cycles
15362441
===== instructions retired
15362441
