input: 25314672313211
length: 1
path: R'
replay: PASS
frame: -1638491566
pixels: 0 0 0 0 0 0 0 0 0 16777215 16777215 16777215 16777215 52224 52224 52224 52224 0 0 0 0 0 0 0 0 0 0 0 0 0 0 0 0 0 0 0 0 0 0 0 0 0 0 0 16777215 16777215 16777215 16777215 52224 52224 52224 52224 0 0 0 0 0 0 0 0 0 0 0 0 0 0 0 0 0 0 0 0 0 0 0 0 0 0 0 16777215 16777215 16777215 16777215 52224 52224 52224 52224 0 0 0 0 0 0 0 0 0 0 0 0 0 0 0 0 0 0 0 0 0 0 0 0 0 0 0 16777215 16777215 16777215 16777215 52224 52224 52224 52224 0 0 0 0 0 0 0 0 0 0 0 0 0 0 0 0 0 0 0 0 0 0 0 0 0 0 0 16777215 16777215 16777215 16777215 52224 52224 52224 52224 0 0 0 0 0 0 0 0 0 0 0 0 0 0 0 0 0 0 0 0 0 0 0 0 0 0 0 16777215 16777215 16777215 16777215 52224 52224 52224 52224 0 0 0 0 0 0 0 0 0 0 0 0 0 0 0 0 0 0 0 0 0 0 0 0 0 0 0 0 0 0 0 0 0 0 0 0 0 0 0 0 0 0 0 0 0 0 0 0 0 0 0 0 0 16744448 16744448 16744448 16744448 16744448 16744448 16744448 16744448 0 52224 52224 52224 52224 16776960 16776960 16776960 16776960 0 16711680 16711680 16711680 16711680 16711680 16711680 16711680 16711680 0 16777215 16777215 16777215 16777215 17663 17663 17663 17663 16744448 16744448 16744448 16744448 16744448 16744448 16744448 16744448 0 52224 52224 52224 52224 16776960 16776960 16776960 16776960 0 16711680 16711680 16711680 16711680 16711680 16711680 16711680 16711680 0 16777215 16777215 16777215 16777215 17663 17663 17663 17663 16744448 16744448 16744448 16744448 16744448 16744448 16744448 16744448 0 52224 52224 52224 52224 16776960 16776960 16776960 16776960 0 16711680 16711680 16711680 16711680 16711680 16711680 16711680 16711680 0 16777215 16777215 16777215 16777215 17663 17663 17663 17663 16744448 16744448 16744448 16744448 16744448 16744448 16744448 16744448 0 52224 52224 52224 52224 16776960 16776960 16776960 16776960 0 16711680 16711680 16711680 16711680 16711680 16711680 16711680 16711680 0 16777215 16777215 16777215 16777215 17663 17663 17663 17663 16744448 16744448 16744448 16744448 16744448 16744448 16744448 16744448 0 52224 52224 52224 52224 16776960 16776960 16776960 16776960 0 16711680 16711680 16711680 16711680 16711680 16711680 16711680 16711680 0 16777215 16777215 16777215 16777215 17663 17663 17663 17663 16744448 16744448 16744448 16744448 16744448 16744448 16744448 16744448 0 52224 52224 52224 52224 16776960 16776960 16776960 16776960 0 16711680 16711680 16711680 16711680 16711680 16711680 16711680 16711680 0 16777215 16777215 16777215 16777215 17663 17663 17663 17663 0 0 0 0 0 0 0 0 0 0 0 0 0 0 0 0 0 0 0 0 0 0 0 0 0 0 0 0 0 0 0 0 0 0 0 0 0 0 0 0 0 0 0 0 16776960 16776960 16776960 16776960 17663 17663 17663 17663 0 0 0 0 0 0 0 0 0 0 0 0 0 0 0 0 0 0 0 0 0 0 0 0 0 0 0 16776960 16776960 16776960 16776960 17663 17663 17663 17663 0 0 0 0 0 0 0 0 0 0 0 0 0 0 0 0 0 0 0 0 0 0 0 0 0 0 0 16776960 16776960 16776960 16776960 17663 17663 17663 17663 0 0 0 0 0 0 0 0 0 0 0 0 0 0 0 0 0 0 0 0 0 0 0 0 0 0 0 16776960 16776960 16776960 16776960 17663 17663 17663 17663 0 0 0 0 0 0 0 0 0 0 0 0 0 0 0 0 0 0 0 0 0 0 0 0 0 0 0 16776960 16776960 16776960 16776960 17663 17663 17663 17663 0 0 0 0 0 0 0 0 0 0 0 0 0 0 0 0 0 0 0 0 0 0 0 0 0 0 0 16776960 16776960 16776960 16776960 17663 17663 17663 17663 0 0 0 0 0 0 0 0 0 0 0 0 0 0 0 0 0 0 0 0 0 0 0 0 0 0 0 0 0 0 0 0 0 0 0 0 0 0 0 0 0 0 0 0 0 0 0 0 0 0 0 0 0 0 0 0 0 0 0 0 0 0 0 0 0 0 0 0 0 0 0 0 0 0 0 0 0 0 0 0 0 0 0 0 0 0 0 0 0 0 0 0 0 0 0 0 0 0 0 0 0 0 0 0 0 0 0 0 0 0 0 0 0 0 0 0 0 0 0 0 0 0 0 0 0 0 0 0 0 0 0 0 0 0 0 0 0 0 0 0 0 0 0 0 0 0 0 0 0 0 0 0 0 0 0 0 0 0 0 0 0 0 0 0 0 0 0 0 0 0 0 0 0 0 0 0 0 0 0 0 0 0 0 0 0 0 0 0 0 0 0 0 0
move: R'
frame: 1439349795
pixels: 0 0 0 0 0 0 0 0 0 16777215 16777215 16777215 16777215 16777215 16777215 16777215 16777215 0 0 0 0 0 0 0 0 0 0 0 0 0 0 0 0 0 0 0 0 0 0 0 0 0 0 0 16777215 16777215 16777215 16777215 16777215 16777215 16777215 16777215 0 0 0 0 0 0 0 0 0 0 0 0 0 0 0 0 0 0 0 0 0 0 0 0 0 0 0 16777215 16777215 16777215 16777215 16777215 16777215 16777215 16777215 0 0 0 0 0 0 0 0 0 0 0 0 0 0 0 0 0 0 0 0 0 0 0 0 0 0 0 16777215 16777215 16777215 16777215 16777215 16777215 16777215 16777215 0 0 0 0 0 0 0 0 0 0 0 0 0 0 0 0 0 0 0 0 0 0 0 0 0 0 0 16777215 16777215 16777215 16777215 16777215 16777215 16777215 16777215 0 0 0 0 0 0 0 0 0 0 0 0 0 0 0 0 0 0 0 0 0 0 0 0 0 0 0 16777215 16777215 16777215 16777215 16777215 16777215 16777215 16777215 0 0 0 0 0 0 0 0 0 0 0 0 0 0 0 0 0 0 0 0 0 0 0 0 0 0 0 0 0 0 0 0 0 0 0 0 0 0 0 0 0 0 0 0 0 0 0 0 0 0 0 0 0 16744448 16744448 16744448 16744448 16744448 16744448 16744448 16744448 0 52224 52224 52224 52224 52224 52224 52224 52224 0 16711680 16711680 16711680 16711680 16711680 16711680 16711680 16711680 0 17663 17663 17663 17663 17663 17663 17663 17663 16744448 16744448 16744448 16744448 16744448 16744448 16744448 16744448 0 52224 52224 52224 52224 52224 52224 52224 52224 0 16711680 16711680 16711680 16711680 16711680 16711680 16711680 16711680 0 17663 17663 17663 17663 17663 17663 17663 17663 16744448 16744448 16744448 16744448 16744448 16744448 16744448 16744448 0 52224 52224 52224 52224 52224 52224 52224 52224 0 16711680 16711680 16711680 16711680 16711680 16711680 16711680 16711680 0 17663 17663 17663 17663 17663 17663 17663 17663 16744448 16744448 16744448 16744448 16744448 16744448 16744448 16744448 0 52224 52224 52224 52224 52224 52224 52224 52224 0 16711680 16711680 16711680 16711680 16711680 16711680 16711680 16711680 0 17663 17663 17663 17663 17663 17663 17663 17663 16744448 16744448 16744448 16744448 16744448 16744448 16744448 16744448 0 52224 52224 52224 52224 52224 52224 52224 52224 0 16711680 16711680 16711680 16711680 16711680 16711680 16711680 16711680 0 17663 17663 17663 17663 17663 17663 17663 17663 16744448 16744448 16744448 16744448 16744448 16744448 16744448 16744448 0 52224 52224 52224 52224 52224 52224 52224 52224 0 16711680 16711680 16711680 16711680 16711680 16711680 16711680 16711680 0 17663 17663 17663 17663 17663 17663 17663 17663 0 0 0 0 0 0 0 0 0 0 0 0 0 0 0 0 0 0 0 0 0 0 0 0 0 0 0 0 0 0 0 0 0 0 0 0 0 0 0 0 0 0 0 0 16776960 16776960 16776960 16776960 16776960 16776960 16776960 16776960 0 0 0 0 0 0 0 0 0 0 0 0 0 0 0 0 0 0 0 0 0 0 0 0 0 0 0 16776960 16776960 16776960 16776960 16776960 16776960 16776960 16776960 0 0 0 0 0 0 0 0 0 0 0 0 0 0 0 0 0 0 0 0 0 0 0 0 0 0 0 16776960 16776960 16776960 16776960 16776960 16776960 16776960 16776960 0 0 0 0 0 0 0 0 0 0 0 0 0 0 0 0 0 0 0 0 0 0 0 0 0 0 0 16776960 16776960 16776960 16776960 16776960 16776960 16776960 16776960 0 0 0 0 0 0 0 0 0 0 0 0 0 0 0 0 0 0 0 0 0 0 0 0 0 0 0 16776960 16776960 16776960 16776960 16776960 16776960 16776960 16776960 0 0 0 0 0 0 0 0 0 0 0 0 0 0 0 0 0 0 0 0 0 0 0 0 0 0 0 16776960 16776960 16776960 16776960 16776960 16776960 16776960 16776960 0 0 0 0 0 0 0 0 0 0 0 0 0 0 0 0 0 0 0 0 0 0 0 0 0 0 0 0 0 0 0 0 0 0 0 0 0 0 0 0 0 0 0 0 0 0 0 0 0 0 0 0 0 0 0 0 0 0 0 0 0 0 0 0 0 0 0 0 0 0 0 0 0 0 0 0 0 0 0 0 0 0 0 0 0 0 0 0 0 0 0 0 0 0 0 0 0 0 0 0 0 0 0 0 0 0 0 0 0 0 0 0 0 0 0 0 0 0 0 0 0 0 0 0 0 0 0 0 0 0 0 0 0 0 0 0 0 0 0 0 0 0 0 0 0 0 0 0 0 0 0 0 0 0 0 0 0 0 0 0 0 0 0 0 0 0 0 0 0 0 0 0 0 0 0 0 0 0 0 0 0 0 0 0 0 0 0 0 0 0 0 0 0

Program exited with code: 0
===== cycles
69366
===== instructions retired
69366
